# process with pid = 62054, launched at 2019-06-30 14:53:32.848407
# <j2> <train_ratio> <test_loss> <test_loss_err> <test_accuracy> <test_accuracy_err> <train_loss> <train_loss_err> <train_accuracy> <train_accuracy_err> <rest_loss> <rest_loss_err> <rest_accuracy> <rest_accuracy_err> <resampled_loss> <resampled_loss_err> <resampled_accuracy> <resampled_accuracy_err> <total_overlap> <total_overlap_err> <rest_overlap> <rest_overlap_err> <total_expr> <total_acc> 
0.000 0.010 1.7338589532e-02 2.5986872047e-03 9.9977349629e-01 3.1279842410e-04 1.9553906284e-02 1.7894101034e-03 1.0000000000e+00 0.0000000000e+00 1.6188154727e-02 2.6727939094e-03 9.9995387967e-01 5.0732641278e-05 2.9517031740e-02 2.8728823643e-03 9.9765180090e-01 3.2072666844e-03 9.9634375990e-01 4.3321801389e-03 9.9999694360e-01 3.2204666270e-06 1.9827453420e-02 1.0000000000e+00
0.100 0.010 1.0892596911e-02 2.6927223349e-03 9.9987519183e-01 2.1617408337e-04 1.1265367502e-02 3.0923570272e-03 1.0000000000e+00 0.0000000000e+00 9.9538331676e-03 2.5504181996e-03 9.9996502064e-01 5.7417233248e-05 2.0371455234e-02 3.9762754096e-03 9.9889985948e-01 1.7773984879e-03 9.9837368449e-01 2.3336143796e-03 9.9998902806e-01 6.6563390735e-06 6.8782251328e-03 1.0000000000e+00
0.200 0.010 1.0085140006e-02 1.7133855608e-03 9.9934822403e-01 5.1463876972e-04 1.0140682454e-02 2.1712947959e-03 1.0000000000e+00 0.0000000000e+00 9.1735319299e-03 1.3720371546e-03 9.9973596945e-01 1.6026868875e-04 2.1868157201e-02 2.9121159543e-03 9.9758708675e-01 2.1813799301e-03 9.9583742011e-01 3.4172534693e-03 9.9996224503e-01 2.4487812828e-05 1.1596089229e-02 1.0000000000e+00
0.350 0.010 9.0209694463e-04 7.8420664937e-05 9.9991679456e-01 9.2450492761e-06 1.2198408399e-06 9.3502724353e-07 1.0000000000e+00 0.0000000000e+00 9.3901892760e-04 9.0533539338e-05 9.9991165683e-01 4.9769793636e-07 7.9743720562e-04 3.3865205790e-04 9.9992604097e-01 0.0000000000e+00 9.2230719036e-01 2.1408875573e-05 8.7714015695e-01 2.0389917632e-04 1.0989606380e-07 1.0000000000e+00
0.375 0.010 3.9104903117e-03 4.2842544878e-04 9.9950076734e-01 6.1324719234e-05 1.9791577415e-05 7.9970403075e-06 1.0000000000e+00 0.0000000000e+00 4.6919721709e-03 1.3308515232e-04 9.9939486604e-01 2.3386868510e-06 3.4397925483e-03 4.2925421074e-04 9.9971340877e-01 4.0297490418e-05 8.2810500215e-01 2.5618179934e-05 7.5994523036e-01 2.8870603548e-04 1.8049962819e-05 1.0000000000e+00
0.390 0.010 9.2151635326e-03 2.5350336230e-04 9.9867333543e-01 4.7815766659e-05 2.8611160815e-05 1.4523883225e-05 1.0000000000e+00 0.0000000000e+00 1.1494260761e-02 2.6207587569e-04 9.9829400103e-01 1.4654304764e-05 6.6014445620e-03 8.7661058787e-04 9.9926965461e-01 8.4224850040e-05 7.6857357810e-01 5.0330744086e-05 6.8427133049e-01 3.0663725949e-04 5.7398807257e-05 1.0000000000e+00
0.400 0.010 1.4422394335e-02 1.0402523732e-03 9.9765638001e-01 1.6660338083e-04 8.2623788330e-05 2.1498260819e-05 1.0000000000e+00 0.0000000000e+00 1.8440980400e-02 1.2753508894e-04 9.9693827279e-01 1.1112076564e-05 1.0038780747e-02 7.1582245227e-04 9.9873345167e-01 1.1509780710e-04 7.1487063843e-01 1.8837539440e-06 6.1678662752e-01 2.4986452154e-04 3.9923663280e-05 1.0000000000e+00
0.410 0.010 2.2190344986e-02 9.8399126002e-04 9.9613094688e-01 1.4404190273e-04 1.1426508172e-04 4.6217473819e-05 1.0000000000e+00 0.0000000000e+00 2.9969770665e-02 9.0607386022e-04 9.9471166412e-01 5.4629731444e-05 1.4544430887e-02 2.9644031685e-03 9.9822498336e-01 7.3959026699e-05 6.6057077263e-01 3.3760010538e-05 5.5110677611e-01 6.0593838957e-04 2.8732889405e-05 1.0000000000e+00
0.420 0.010 3.3046216704e-02 1.4763336932e-03 9.9370412144e-01 2.9598599548e-04 1.8655924032e-04 1.3088399345e-04 1.0000000000e+00 0.0000000000e+00 4.5318868363e-02 6.8571784869e-04 9.9127254393e-01 1.4440349985e-04 1.9312598277e-02 3.4377107495e-03 9.9710635308e-01 3.0536100445e-04 6.1046271352e-01 1.2272579532e-03 4.8675287080e-01 5.6858345918e-04 3.0825418071e-04 1.0000000000e+00
0.450 0.010 7.4547011405e-02 2.9958009943e-03 9.8199064401e-01 1.0922469164e-03 4.2789122745e-05 1.5371494308e-05 1.0000000000e+00 0.0000000000e+00 1.0464701874e-01 4.7791312490e-03 9.7428632802e-01 1.0949956172e-03 3.1296475790e-02 1.3920421506e-03 9.9240071001e-01 4.1220133144e-04 4.8361392146e-01 1.6326883207e-03 3.4214640568e-01 2.1917849357e-03 1.4798715711e-04 1.0000000000e+00
0.475 0.010 8.6787872016e-02 8.0053860680e-03 9.7397056376e-01 1.5137833070e-03 5.5528300436e-05 7.5205467884e-06 1.0000000000e+00 0.0000000000e+00 1.2289713262e-01 1.0546038523e-02 9.6258680106e-01 2.3567225522e-03 3.1169105321e-02 4.9823126522e-03 9.9081983581e-01 1.0155489386e-03 4.2617141514e-01 6.3102397565e-03 2.9020682380e-01 7.2991898446e-03 3.4447977669e-05 1.0000000000e+00
0.500 0.010 8.6964102462e-02 9.7439367620e-03 9.6808146737e-01 3.7897795802e-03 4.8382974910e-05 3.0436082259e-05 1.0000000000e+00 0.0000000000e+00 1.2964559134e-01 1.4912659323e-02 9.5302663813e-01 5.5149023164e-03 3.0409066938e-02 2.3912017352e-03 9.8888765624e-01 9.3350385041e-04 4.0338549175e-01 1.0866979422e-02 2.8463537174e-01 1.6680815447e-02 9.7337891930e-05 1.0000000000e+00
0.525 0.010 8.5555044934e-02 7.5304125961e-03 9.6762845996e-01 2.7648841982e-03 6.6538354531e-05 2.3727780699e-05 1.0000000000e+00 0.0000000000e+00 1.2998600179e-01 1.4129206441e-02 9.5118661100e-01 5.5455958335e-03 2.7154750191e-02 3.2155426837e-03 9.9003402115e-01 1.2257746501e-03 3.9877639693e-01 1.4678640066e-02 2.9572484489e-01 1.7313521445e-02 8.3772465587e-05 1.0000000000e+00
0.550 0.010 8.7557204068e-02 9.8808610241e-03 9.6666697483e-01 3.6777492769e-03 3.4171266179e-05 1.5508152498e-05 1.0000000000e+00 0.0000000000e+00 1.3434696162e-01 1.3231507046e-02 9.4880979581e-01 4.8279306593e-03 2.7582643088e-02 3.4684495792e-03 9.8940536943e-01 1.3741011956e-03 3.5183904851e-01 9.0378352334e-03 2.7122338647e-01 9.6731901940e-03 5.8202181208e-06 1.0000000000e+00
0.575 0.010 7.4750607833e-02 9.4589236690e-03 9.7257918385e-01 4.1577855401e-03 1.4980241531e-05 2.3573608941e-06 1.0000000000e+00 0.0000000000e+00 1.1120445418e-01 1.6323265823e-02 9.5890613484e-01 7.1670334975e-03 2.5951731019e-02 3.6617911266e-03 9.9038532653e-01 1.4726949007e-03 3.7081766155e-01 2.0865658126e-02 2.9779223621e-01 1.9111886225e-02 5.3497031331e-05 1.0000000000e+00
0.600 0.010 7.0680335164e-02 1.4419437925e-02 9.7645285949e-01 3.9526126729e-03 2.1641875264e-05 9.2942660309e-06 1.0000000000e+00 0.0000000000e+00 1.0178110525e-01 2.1185536625e-02 9.6544696850e-01 6.0723430614e-03 2.4882984348e-02 4.5384696557e-03 9.9160565047e-01 1.2504872731e-03 4.3627667937e-01 2.4221599261e-02 3.7054519868e-01 2.3145585743e-02 1.8519513105e-05 1.0000000000e+00
0.610 0.010 6.6790382378e-02 9.1650709000e-03 9.8117245715e-01 3.0833971868e-03 1.3556180875e-05 4.8110479055e-06 1.0000000000e+00 0.0000000000e+00 9.5749554370e-02 1.1493681571e-02 9.7322072065e-01 3.5279856965e-03 2.3311143275e-02 2.5892500866e-03 9.9342689150e-01 9.3162506403e-04 4.6150430655e-01 2.2426176777e-02 4.0259754292e-01 2.3965631051e-02 1.9439879907e-05 1.0000000000e+00
0.620 0.010 3.1252962537e-02 1.9475461087e-03 9.9451768578e-01 1.9414603480e-04 2.7684727684e-05 1.3571352365e-05 1.0000000000e+00 0.0000000000e+00 4.4229928161e-02 1.5738581284e-03 9.9218286137e-01 1.0230849600e-04 1.2800634839e-02 1.5845774167e-03 9.9798461652e-01 2.3460871127e-04 6.3478302242e-01 2.8441720640e-03 5.7418616488e-01 3.1979324263e-03 1.4375237697e-05 1.0000000000e+00
0.700 0.010 2.0280710887e-03 2.8841472031e-04 9.9973651610e-01 4.4096074618e-05 8.1502093963e-06 6.3465044475e-06 1.0000000000e+00 0.0000000000e+00 2.3809287345e-03 8.5945547753e-05 9.9971411860e-01 1.4363408745e-05 2.6761017507e-03 5.4022607842e-04 9.9978736780e-01 6.0622721362e-05 9.2839647308e-01 1.8878786722e-04 9.2593077431e-01 3.1025437821e-05 9.5367431641e-07 1.0000000000e+00
0.800 0.010 1.0617716471e-02 6.9377846543e-04 9.9783665847e-01 1.0938889823e-04 1.6657046672e-05 4.0676604044e-06 1.0000000000e+00 0.0000000000e+00 1.2386831207e-02 6.5244014076e-04 9.9749660541e-01 1.1076230239e-04 1.0501298821e-02 1.5023449251e-03 9.9824347312e-01 4.1344352812e-05 8.6888021085e-01 1.5432761281e-03 8.5284629735e-01 8.3406707591e-04 4.1814411816e-05 1.0000000000e+00
0.900 0.010 1.2506384635e-02 1.1262493444e-03 9.9652848400e-01 3.0167064695e-04 1.2310358670e-05 2.5696244744e-06 1.0000000000e+00 0.0000000000e+00 1.3663422122e-02 1.2587726519e-03 9.9617683116e-01 3.2524718286e-04 9.0706937481e-03 1.2843833978e-03 9.9745765846e-01 3.5983840796e-04 8.4210003037e-01 9.4542915704e-03 8.1936582676e-01 1.2082614623e-02 1.3433396816e-05 1.0000000000e+00
1.000 0.010 9.8734858911e-03 1.6551715583e-03 9.9700922656e-01 4.9963910642e-04 1.7847612753e-05 9.0999192761e-06 1.0000000000e+00 0.0000000000e+00 1.1977419467e-02 1.1100863914e-03 9.9621684503e-01 4.1081370605e-04 7.2721508332e-03 1.1547309042e-03 9.9784594335e-01 3.0870142477e-04 8.2129956691e-01 3.0107814123e-03 8.0265429805e-01 3.9608773082e-03 2.7376063372e-05 1.0000000000e+00
