# process with pid = 37431, launched at 2019-10-12 16:32:53.591479
# <j2> <train_ratio> <test_loss> <test_loss_err> <test_accuracy> <test_accuracy_err> <train_loss> <train_loss_err> <train_accuracy> <train_accuracy_err> <rest_loss> <rest_loss_err> <rest_accuracy> <rest_accuracy_err> <resampled_loss> <resampled_loss_err> <resampled_accuracy> <resampled_accuracy_err> <total_overlap> <total_overlap_err> <rest_overlap> <rest_overlap_err> <total_expr> <total_acc> 
0.400 0.00001 6.9567137957e-01 1.2323260307e-03 4.9955195400e-01 5.3829987493e-04 6.6429856233e-03 2.1147332154e-03 1.0000000000e+00 0.0000000000e+00 6.9563776255e-01 1.1653304100e-03 5.0058114529e-01 5.9962272644e-05 6.9747823477e-01 2.9072761536e-03 4.9419729207e-01 8.7040618956e-03 -1.3521770226e-03 9.8569556159e-04 1.0913303448e-03 1.2018712547e-04 4.5282524079e-03 1.0000000000e+00
0.400 0.00002 6.9415885210e-01 6.3598155975e-05 4.9865908534e-01 1.1604069160e-04 1.0638961568e-02 1.9585499540e-03 1.0000000000e+00 0.0000000000e+00 6.9408419728e-01 2.1249055862e-05 5.0090402365e-01 3.8325786591e-04 6.9444611669e-01 4.2530894279e-04 5.0080593166e-01 1.7730496454e-03 -3.9366886970e-04 1.1990729633e-04 1.7372803756e-03 7.6656917176e-04 8.1556998193e-03 1.0000000000e+00
0.400 0.00003 6.9420799613e-01 1.1089444160e-04 5.0092832553e-01 1.4827421705e-04 1.8566496205e-02 5.9258979745e-03 1.0000000000e+00 0.0000000000e+00 6.9436135888e-01 9.7304582596e-05 5.0004966557e-01 1.7444789410e-04 6.9446054101e-01 1.3619661331e-05 4.9720670391e-01 6.4460678986e-04 1.2598093576e-04 3.6730038264e-03 2.7512421750e-05 3.4870869810e-04 2.4492394179e-02 1.0000000000e+00
0.400 0.00005 6.9456425309e-01 4.2816996574e-04 4.9923928880e-01 6.4467050890e-06 6.8767733872e-02 2.9007121921e-03 1.0000000000e+00 0.0000000000e+00 6.9451329112e-01 3.1933188438e-04 5.0038251281e-01 2.9608607292e-04 6.9496250153e-01 7.6818466187e-04 4.9529396596e-01 1.7405879319e-03 -1.1487565583e-03 8.3592523932e-04 6.9339085715e-04 5.9229573264e-04 3.7280894816e-02 1.0000000000e+00
0.400 0.00010 6.9642463326e-01 4.6461820602e-05 5.0069946750e-01 1.2861176653e-03 1.1279409155e-03 1.0470772759e-03 1.0000000000e+00 0.0000000000e+00 6.9640138745e-01 2.7945637703e-04 4.9997499585e-01 7.5069069862e-04 6.9669058919e-01 6.3124299049e-04 4.9664775658e-01 1.9339865910e-03 4.0733979787e-04 2.1734969780e-04 -1.2282078734e-04 1.5010961650e-03 2.0706653595e-04 1.0000000000e+00
0.400 0.00020 6.9782665372e-01 7.8824162483e-04 4.9738908444e-01 1.7406103740e-04 1.9313348457e-04 5.3424853832e-05 1.0000000000e+00 0.0000000000e+00 6.9737237692e-01 6.1523914337e-04 5.0027832389e-01 2.6401877403e-04 6.9754943252e-01 9.6052885056e-05 4.9917805570e-01 4.8833161423e-03 -3.7780341947e-04 4.3152136155e-04 4.8245120250e-04 5.2826716463e-04 2.7030706406e-05 1.0000000000e+00
0.400 0.00030 6.9454118609e-01 2.0295381546e-05 4.9946170013e-01 1.7825139571e-03 1.1146969700e-04 1.8991831894e-05 1.0000000000e+00 0.0000000000e+00 6.9442790747e-01 1.5193223953e-04 5.0057527423e-01 3.5494565964e-05 6.9462949038e-01 3.5339593887e-04 4.9965617277e-01 1.0744600838e-05 1.6828008612e-03 2.6633399362e-03 1.0762234131e-03 7.0954367040e-05 9.2477865110e-05 1.0000000000e+00
0.400 0.00050 1.1388579383e-01 5.3290836513e-03 9.7531556621e-01 8.5741177684e-04 5.0256028771e-05 3.2037496567e-06 1.0000000000e+00 0.0000000000e+00 1.2560205907e-01 8.0218389630e-03 9.7345161438e-01 1.2792348862e-03 8.7406843901e-02 7.9529434443e-03 9.8136902229e-01 1.5472092214e-03 9.7027645895e-01 1.7127526960e-03 9.4690050062e-01 2.5583874578e-03 4.2785750702e-04 1.0000000000e+00
0.400 0.00100 6.5397137776e-02 3.1553190202e-03 9.8099511340e-01 2.6495957916e-03 4.6333530918e-05 2.3687491193e-05 1.0000000000e+00 0.0000000000e+00 7.2693083435e-02 4.1902773082e-03 9.7953903675e-01 2.7689337730e-03 5.1223706454e-02 3.5060308874e-03 9.8549813690e-01 1.7309403164e-03 9.7928398460e-01 2.7119925655e-03 9.5907888095e-01 5.5383782846e-03 2.2646039724e-05 1.0000000000e+00
0.400 0.00200 4.4698596001e-02 2.1477006376e-03 9.8618148764e-01 5.5763999020e-04 8.1838108599e-05 4.0248967707e-05 1.0000000000e+00 0.0000000000e+00 4.7294791788e-02 1.9607357681e-03 9.8548233509e-01 3.4481287003e-04 3.5004014149e-02 2.9435474426e-03 9.8928070656e-01 3.7874514481e-04 9.7748816063e-01 8.5274887240e-03 9.7097724775e-01 6.8942378483e-04 1.5087798238e-04 1.0000000000e+00
0.400 0.00300 3.9167214185e-02 1.9059814513e-03 9.8814773269e-01 4.2870588842e-04 2.0231284725e-04 9.0766247013e-05 1.0000000000e+00 0.0000000000e+00 4.1347118095e-02 1.9024740905e-03 9.8744904995e-01 6.3186883926e-04 2.9565777630e-02 1.7073489726e-03 9.9109063442e-01 5.7160907956e-04 9.9018021191e-01 9.7494740757e-04 9.7491412323e-01 1.2638954837e-03 1.1154660024e-04 1.0000000000e+00
# process with pid = 54647, launched at 2019-10-12 16:28:42.756402
# <j2> <train_ratio> <test_loss> <test_loss_err> <test_accuracy> <test_accuracy_err> <train_loss> <train_loss_err> <train_accuracy> <train_accuracy_err> <rest_loss> <rest_loss_err> <rest_accuracy> <rest_accuracy_err> <resampled_loss> <resampled_loss_err> <resampled_accuracy> <resampled_accuracy_err> <total_overlap> <total_overlap_err> <rest_overlap> <rest_overlap_err> <total_expr> <total_acc> 
0.000 0.00001 6.9531977177e-01 1.9651651382e-04 4.9908779123e-01 1.0862698075e-03 7.9696103930e-03 1.3446174562e-03 1.0000000000e+00 0.0000000000e+00 6.9515353441e-01 3.0398368835e-05 5.0082901120e-01 2.9501318932e-04 6.9532522559e-01 1.5735328197e-03 4.9419729207e-01 1.6441005803e-02 1.4805317265e-03 2.9036796897e-04 1.5880348638e-03 5.8982518848e-04 6.6249929368e-03 1.0000000000e+00
0.000 0.00002 6.9618520141e-01 1.7733871937e-03 4.9901043077e-01 2.6753826119e-04 1.0738039855e-02 1.8496275879e-03 1.0000000000e+00 0.0000000000e+00 6.9590190053e-01 1.8203556538e-03 5.0077709556e-01 6.3440203667e-04 6.9710350037e-01 2.3724436760e-03 4.9161831077e-01 3.5460992908e-03 -2.6275707735e-03 3.6008622052e-03 1.4848949199e-03 1.2690127434e-03 8.8884122670e-03 1.0000000000e+00
0.000 0.00003 6.9499456882e-01 1.1980533600e-04 4.9987106590e-01 9.7989917353e-04 2.4944718927e-02 2.4336129427e-03 1.0000000000e+00 0.0000000000e+00 6.9504895806e-01 1.2686848640e-04 5.0056496263e-01 4.7340989113e-04 6.9494092464e-01 6.9379806519e-05 4.9838848303e-01 5.4791577138e-03 7.8988834938e-04 1.9190048962e-03 1.0605669106e-03 9.4698540600e-04 2.2511105984e-02 1.0000000000e+00
0.000 0.00005 6.9520592690e-01 1.5641450882e-03 5.0107982310e-01 1.3699248314e-03 3.7040818483e-02 4.0312036872e-03 1.0000000000e+00 0.0000000000e+00 6.9534373283e-01 1.6391277313e-03 5.0045692921e-01 2.7847290039e-04 6.9536143541e-01 1.7171502113e-03 4.9484270242e-01 2.9654461062e-03 -4.1225307298e-03 2.3537144861e-03 8.4364246047e-04 5.5717902114e-04 3.3009614795e-02 1.0000000000e+00
0.000 0.00010 6.9804942608e-01 3.0257701874e-03 4.9959063423e-01 2.3530473575e-04 2.0046857535e-02 1.8747287453e-02 1.0000000000e+00 0.0000000000e+00 6.9790026546e-01 2.9590427876e-03 5.0047750771e-01 5.5365264416e-04 6.9744092226e-01 2.2336840630e-03 5.0273981434e-01 4.2225373904e-03 8.6116875498e-04 8.1133691871e-04 8.8398837124e-04 1.1076800492e-03 4.0875872946e-04 1.0000000000e+00
0.000 0.00020 6.9503334165e-01 2.8112530708e-04 4.9867197875e-01 1.9855851674e-03 5.5183501900e-05 2.2704098228e-06 1.0000000000e+00 0.0000000000e+00 6.9497001171e-01 5.1140785217e-04 5.0016790628e-01 4.1902065277e-05 6.9506984949e-01 2.7215480804e-04 4.9843669417e-01 8.2194430119e-04 -1.5282853759e-04 9.8373657653e-04 2.6455390779e-04 8.3952200104e-05 4.2132040835e-04 1.0000000000e+00
0.000 0.00030 6.9485083222e-01 1.7002224922e-04 5.0080261478e-01 2.2563467812e-05 1.9357539713e-05 7.9600140452e-06 1.0000000000e+00 0.0000000000e+00 6.9480621815e-01 1.1622905731e-04 5.0094017386e-01 3.3214688301e-04 6.9514831901e-01 6.3925981522e-05 4.9782959063e-01 4.1903943269e-04 -1.4888104610e-03 7.7818002315e-04 1.8085106227e-03 6.6427910696e-04 8.0776400864e-05 1.0000000000e+00
0.000 0.00050 8.0182425678e-02 4.5686513186e-03 9.8142381929e-01 9.8312252608e-04 1.2203119695e-05 3.4132972360e-06 1.0000000000e+00 0.0000000000e+00 8.6405191571e-02 5.5202804506e-03 9.7987160087e-01 1.2375414371e-03 6.4393343404e-02 6.6048409790e-03 9.8459237484e-01 1.1475135058e-03 9.7635539320e-01 1.1089040137e-03 9.5974364679e-01 2.4746175525e-03 2.4424865842e-05 1.0000000000e+00
0.000 0.00100 4.9449946731e-02 5.4598078132e-03 9.8531440581e-01 8.9609200738e-04 2.7288217098e-05 1.5820842236e-05 1.0000000000e+00 0.0000000000e+00 5.1115747541e-02 5.6802965701e-03 9.8465412855e-01 9.1814994812e-04 3.8868319243e-02 2.8487443924e-03 9.8813483928e-01 2.2563467812e-05 9.8255074570e-01 3.7959015709e-04 9.6930801418e-01 1.8374162486e-03 4.3109059334e-05 1.0000000000e+00
0.000 0.00200 3.2729970291e-02 3.1109713018e-04 9.9014298792e-01 3.4812207481e-04 5.0788279623e-05 2.6600901037e-05 1.0000000000e+00 0.0000000000e+00 3.3795705065e-02 1.1018048972e-03 9.8987257481e-01 6.1404705048e-04 2.5544810109e-02 1.4409953728e-03 9.9226231728e-01 6.2694409077e-04 9.9021924186e-01 5.9870026661e-04 9.7974502735e-01 1.2280948876e-03 2.4187378585e-05 1.0000000000e+00
0.000 0.00300 2.3094170727e-02 2.0467769355e-04 9.9260885262e-01 8.6708183447e-04 6.1197206378e-06 5.4026022553e-06 1.0000000000e+00 0.0000000000e+00 2.3707939312e-02 8.6552836001e-04 9.9244958162e-01 9.3102455139e-04 1.8514862284e-02 1.2043006718e-03 9.9393041412e-01 9.2080635561e-04 9.9287243845e-01 1.0486345753e-03 9.8490708865e-01 1.8620006435e-03 7.1711838245e-07 1.0000000000e+00
# process with pid = 77348, launched at 2019-10-12 16:32:51.658486
# <j2> <train_ratio> <test_loss> <test_loss_err> <test_accuracy> <test_accuracy_err> <train_loss> <train_loss_err> <train_accuracy> <train_accuracy_err> <rest_loss> <rest_loss_err> <rest_accuracy> <rest_accuracy_err> <resampled_loss> <resampled_loss_err> <resampled_accuracy> <resampled_accuracy_err> <total_overlap> <total_overlap_err> <rest_overlap> <rest_overlap_err> <total_expr> <total_acc> 
1.000 0.00001 6.9739663601e-01 2.8321146965e-03 5.0039969572e-01 9.5411235318e-04 4.8280083574e-03 3.2054586336e-04 1.0000000000e+00 0.0000000000e+00 6.9731223583e-01 2.6288628578e-03 5.0069779158e-01 2.9468536377e-04 6.9827747345e-01 4.2124390602e-03 4.9226305609e-01 1.1927788524e-02 3.4488394936e-04 1.2504627498e-03 1.3158497471e-03 5.8899045154e-04 5.1485542208e-03 1.0000000000e+00
1.000 0.00002 6.9467210770e-01 4.7641992569e-04 5.0054152323e-01 1.0185794041e-03 1.2494738214e-02 1.4090072364e-04 1.0000000000e+00 0.0000000000e+00 6.9478756189e-01 4.1270256042e-04 5.0029802322e-01 3.5107135773e-05 6.9433242083e-01 7.1090459824e-04 5.0548033527e-01 8.7040618956e-03 1.1241243821e-03 1.4117695075e-03 5.1589911119e-04 7.0120613208e-05 1.2635638937e-02 1.0000000000e+00
1.000 0.00003 6.9469556212e-01 8.9433789253e-04 4.9900398406e-01 5.4796993257e-05 2.3832315579e-02 5.4642856121e-03 1.0000000000e+00 0.0000000000e+00 6.9472685456e-01 8.5332989693e-04 4.9998812377e-01 4.6767294407e-04 6.9543340802e-01 8.5917115211e-04 4.9527288354e-01 4.0825096691e-03 2.9839347462e-04 1.1937858382e-03 -1.0378773819e-04 9.3590967912e-04 1.8368029967e-02 1.0000000000e+00
1.000 0.00005 6.9751816988e-01 2.3806095123e-04 4.9970345157e-01 3.9324901043e-04 6.5474182367e-02 2.9673725367e-03 1.0000000000e+00 0.0000000000e+00 6.9745779037e-01 2.1272897720e-04 5.0016525388e-01 1.8295645714e-04 6.9752320647e-01 1.0485947132e-03 4.9748581743e-01 6.3821557504e-03 -5.3891837530e-04 4.1237838687e-04 2.5024273668e-04 3.6603672283e-04 6.2506809831e-02 1.0000000000e+00
1.000 0.00010 6.9667208195e-01 5.6856870651e-04 5.0029332508e-01 2.2563467812e-05 9.4809847651e-02 8.7458563270e-02 9.6875000000e-01 3.1250000000e-02 6.9658008218e-01 6.0012936592e-04 5.0025898218e-01 5.2034854889e-05 6.9581034780e-01 2.1651387215e-04 5.0154718927e-01 5.3506962352e-03 -7.6197934064e-04 1.4373262585e-03 4.3766319842e-04 1.0398270358e-04 8.3582603838e-04 1.0000000000e+00
1.000 0.00020 6.9696077704e-01 9.4363093376e-04 4.9958096417e-01 6.5756391908e-04 2.7585394681e-02 2.6621885598e-02 9.9609375000e-01 3.9062500000e-03 6.9680485129e-01 1.2721121311e-03 5.0078856945e-01 4.0477514267e-04 6.9709601998e-01 1.8270313740e-03 4.9906523981e-01 1.6438886024e-03 6.2083725762e-04 1.1707311602e-04 1.4956548738e-03 8.0964960507e-04 1.7958865501e-03 1.0000000000e+00
1.000 0.00030 6.9541892409e-01 1.2078881264e-04 4.9889439008e-01 5.9632022074e-04 2.2591489833e-03 5.0606229343e-04 1.0000000000e+00 0.0000000000e+00 6.9530549645e-01 1.5512108803e-04 5.0026300550e-01 3.2633543015e-05 6.9540590048e-01 7.3492527008e-05 4.9871064790e-01 1.1926506930e-03 4.1790455204e-05 1.6508119073e-03 4.4368100275e-04 6.5442805660e-05 2.7805333957e-03 1.0000000000e+00
1.000 0.00050 2.2525783628e-01 1.4028169215e-02 9.4249861396e-01 3.9002565789e-04 3.7352675572e-03 1.0291617364e-03 1.0000000000e+00 0.0000000000e+00 2.5074636936e-01 1.6058087349e-02 9.3616974354e-01 6.6697597504e-04 1.6669125855e-01 1.1348977685e-02 9.5707139081e-01 1.3731481840e-03 9.3103784686e-01 1.0298090509e-03 8.7232686739e-01 1.3340703642e-03 4.7644292936e-03 1.0000000000e+00
1.000 0.00100 1.5528156608e-01 5.4354220629e-04 9.5453783571e-01 2.9010172901e-04 5.4801267106e-03 8.7028765120e-04 1.0000000000e+00 0.0000000000e+00 1.6834900528e-01 9.5184892416e-04 9.5052078366e-01 4.7388672829e-04 1.1549549177e-01 1.6516819596e-04 9.6649002695e-01 4.6416276641e-04 9.5293985163e-01 1.0649517430e-03 9.0103177388e-01 9.4860165163e-04 4.6098390594e-03 1.0000000000e+00
1.000 0.00200 1.5066467971e-01 1.8137618899e-03 9.5375456104e-01 6.6078727163e-04 1.2081824243e-02 8.1237219274e-04 1.0000000000e+00 0.0000000000e+00 1.6004397720e-01 3.5052746534e-04 9.5061957836e-01 1.4466047287e-04 1.1577605456e-01 1.0539144278e-03 9.6529566297e-01 2.2080036102e-04 9.5497589223e-01 3.2536052259e-03 9.0124862803e-01 2.8869752971e-04 1.9656866789e-02 1.0000000000e+00
1.000 0.00300 1.5956611931e-01 2.2363215685e-03 9.4759795768e-01 1.0153560515e-03 1.4056399465e-02 6.3502788544e-04 1.0000000000e+00 0.0000000000e+00 1.6753888130e-01 2.9442906380e-03 9.4495481253e-01 4.0233135223e-04 1.1897448450e-01 1.7971470952e-03 9.6199659183e-01 5.0929079645e-04 9.5790570181e-01 2.5123000913e-03 8.8991581386e-01 8.0517382539e-04 3.0411234125e-02 9.8437500000e-01

