# process with pid = 76696, launched at 2019-07-01 09:17:47.907321
# <j2> <train_ratio> <test_loss> <test_loss_err> <test_accuracy> <test_accuracy_err> <train_loss> <train_loss_err> <train_accuracy> <train_accuracy_err> <rest_loss> <rest_loss_err> <rest_accuracy> <rest_accuracy_err> <resampled_loss> <resampled_loss_err> <resampled_accuracy> <resampled_accuracy_err> <total_overlap> <total_overlap_err> <rest_overlap> <rest_overlap_err> <total_expr> <total_acc> 
0.000 0.010 2.1078929967e-03 1.1303673973e-03 9.9935746908e-01 3.6757064936e-04 3.7074170791e-06 2.0789928471e-06 1.0000000000e+00 0.0000000000e+00 2.4267971846e-03 1.3379499254e-03 9.9922639175e-01 4.5856053371e-04 1.4840910408e-03 9.3362863129e-04 9.9957473560e-01 2.8464618590e-04 9.9673572231e-01 2.2154909504e-03 9.9746131712e-01 1.3775297482e-03 9.9856406450e-06 1.0000000000e+00
0.100 0.010 6.4922405872e-03 2.1851504706e-03 9.9796146663e-01 8.2518214978e-04 1.6967053682e-06 8.8708260465e-07 1.0000000000e+00 0.0000000000e+00 6.9277241759e-03 2.2846499186e-03 9.9786295508e-01 8.5828064025e-04 4.3265486602e-03 8.5143788388e-04 9.9859477849e-01 4.3988526194e-04 9.9580010227e-01 1.7384667889e-03 9.9366413298e-01 2.2264119657e-03 6.7738924372e-06 1.0000000000e+00
0.200 0.010 1.7396143885e-03 2.0477317809e-03 9.9951463491e-01 6.7878748433e-04 1.5892321258e-05 2.5979179779e-05 1.0000000000e+00 0.0000000000e+00 1.7253436296e-03 1.8187810958e-03 9.9943559474e-01 7.2315026718e-04 8.7209076082e-04 7.8122544010e-04 9.9985208195e-01 1.7540923342e-04 9.9751933566e-01 2.6450154599e-03 9.9707690360e-01 2.5763640293e-03 6.5004123826e-06 1.0000000000e+00
0.300 0.010 2.7260832139e-03 7.5065334375e-04 9.9913096537e-01 2.5115244545e-04 5.6231613641e-06 6.7310022311e-06 1.0000000000e+00 0.0000000000e+00 2.7381015857e-03 7.8746792769e-04 9.9918100276e-01 2.7592665958e-04 2.3381659703e-03 8.7127753310e-04 9.9938983803e-01 2.6730331142e-04 9.9345409172e-01 2.3169382812e-03 9.9207911796e-01 1.5099157469e-03 4.7107227147e-05 1.0000000000e+00
0.400 0.010 1.7203531024e-03 1.0161287672e-03 9.9952850249e-01 3.2145662502e-04 6.7844111840e-07 6.3195233733e-07 1.0000000000e+00 0.0000000000e+00 2.1912132704e-03 1.1721424547e-03 9.9939425054e-01 3.6855832946e-04 9.5073437842e-04 5.1270157900e-04 9.9970416389e-01 2.4107693237e-04 9.6927058507e-01 1.2656110475e-03 9.5083340688e-01 1.0215431269e-03 3.5005457903e-05 1.0000000000e+00
0.500 0.010 8.0293848878e-03 3.2886928493e-03 9.9825730821e-01 8.6700375744e-04 2.0074658096e-06 1.1541035856e-06 1.0000000000e+00 0.0000000000e+00 9.1120519331e-03 2.0055646939e-03 9.9809241137e-01 8.0630237789e-04 4.5502406429e-03 2.2416277857e-03 9.9889061460e-01 6.2701815538e-04 8.4710027455e-01 1.3002709118e-03 7.9300117418e-01 1.3396097359e-03 9.7230076790e-07 1.0000000000e+00
0.600 0.010 3.9304797072e-02 6.7889826827e-03 9.9248839746e-01 2.6082305977e-03 7.1152962846e-05 3.6115522186e-05 1.0000000000e+00 0.0000000000e+00 4.6816196895e-02 6.0430926004e-03 9.9156596197e-01 2.4063580511e-03 2.5135925971e-02 7.5464131065e-03 9.9475815398e-01 1.0883464064e-03 6.9062876083e-01 3.2248837061e-03 6.1607294000e-01 3.6465620642e-03 7.6518343121e-05 1.0000000000e+00
0.700 0.010 9.4035947695e-02 7.1533016792e-03 9.7869016142e-01 1.6480840024e-03 1.0019212059e-03 1.9628830307e-04 1.0000000000e+00 0.0000000000e+00 1.1723450661e-01 9.3617140680e-03 9.7355381268e-01 2.1078105786e-03 5.2522153594e-02 2.7465713126e-03 9.8823126988e-01 1.2271335445e-03 5.6146719981e-01 6.0843130896e-03 4.7185481468e-01 4.4061499490e-03 8.8284997037e-04 1.0000000000e+00
0.800 0.010 1.7127645761e-01 4.6307060811e-03 9.4723850378e-01 1.7868315026e-03 3.4141213400e-03 8.7269733601e-04 1.0000000000e+00 0.0000000000e+00 2.1155256673e-01 6.6330672100e-03 9.3401974968e-01 1.5391591122e-03 9.9805379286e-02 2.1704858826e-03 9.7115597959e-01 7.4419835062e-04 4.9908689074e-01 8.7342560021e-03 3.8926318851e-01 4.5480936988e-03 4.3870420195e-03 1.0000000000e+00
0.900 0.010 2.6431243867e-01 8.5113985084e-03 9.0438770039e-01 2.5299022867e-03 1.5347056091e-02 3.2565452165e-03 1.0000000000e+00 0.0000000000e+00 3.2093654686e-01 1.0063968360e-02 8.8327533116e-01 3.2201763342e-03 1.5836095065e-01 9.9125746510e-03 9.4565860513e-01 3.9521827861e-03 4.7212569788e-01 7.7359545037e-03 3.4020839310e-01 5.4652442544e-03 1.1760169640e-02 1.0000000000e+00
# process with pid = 11696, launched at 2019-07-08 14:22:56.821409
# <j2> <train_ratio> <test_loss> <test_loss_err> <test_accuracy> <test_accuracy_err> <train_loss> <train_loss_err> <train_accuracy> <train_accuracy_err> <rest_loss> <rest_loss_err> <rest_accuracy> <rest_accuracy_err> <resampled_loss> <resampled_loss_err> <resampled_accuracy> <resampled_accuracy_err> <total_overlap> <total_overlap_err> <rest_overlap> <rest_overlap_err> <total_expr> <total_acc> 
1.100 0.010 4.5182173451e-01 1.8237769337e-02 8.1248574722e-01 1.0856090282e-02 8.3546300729e-02 1.1703121544e-02 9.8238357843e-01 8.9295904668e-03 5.0874065352e-01 1.8452055387e-02 7.8971722845e-01 1.1418565097e-02 3.0292045077e-01 1.8848994026e-02 8.7942213347e-01 8.2986034157e-03 3.7767265341e-01 2.4784925262e-03 2.5869893007e-01 5.0160914884e-03 8.3722136915e-02 9.9218750000e-01
1.200 0.010 5.5774780114e-01 1.5314132107e-02 7.4325881824e-01 1.0832150699e-02 1.5192887684e-01 1.6686138695e-02 9.7196691176e-01 2.2347352202e-02 5.9845212987e-01 1.2834005610e-02 7.2266911410e-01 9.7372679094e-03 4.1306555271e-01 2.1917339314e-02 8.1973719893e-01 1.3080169586e-02 2.3377553099e-01 2.7841114792e-03 1.7678372343e-01 9.9237628599e-04 1.0438547283e-01 9.7058823529e-01
1.280 0.010 5.1896287998e-01 1.0074223530e-02 7.6717267903e-01 5.1095829757e-03 1.1267382155e-01 7.4118095364e-03 9.6997549020e-01 8.6655242792e-04 5.7006185918e-01 8.9455284525e-03 7.4653803370e-01 4.2902094440e-03 3.6701492469e-01 1.0465499638e-02 8.4276310924e-01 3.9206423450e-03 2.5278896047e-01 4.4365792844e-03 1.9112386442e-01 4.6096008506e-03 1.2060586363e-01 9.7058823529e-01
1.300 0.010 4.7447110216e-01 2.8565383811e-02 7.9737317333e-01 1.5361940153e-02 1.0385714471e-01 1.9228793062e-02 9.8498774510e-01 1.2015117372e-02 5.3155912082e-01 2.6879786485e-02 7.7381471021e-01 1.5265946216e-02 3.1758173307e-01 2.5889403425e-02 8.7054705027e-01 1.3315957110e-02 2.8238203148e-01 1.2401824701e-02 2.1247376621e-01 1.2481801391e-02 1.2844315171e-01 9.8437500000e-01
1.320 0.010 4.7827992837e-01 2.5228451740e-02 7.9749644066e-01 1.2665892961e-02 9.6020730833e-02 2.0260649815e-02 9.7977941176e-01 9.1065342817e-03 5.3550988576e-01 2.6042621853e-02 7.7301883383e-01 1.3218251325e-02 3.1600169341e-01 2.5804361520e-02 8.7113872248e-01 1.2447926485e-02 2.8192583579e-01 1.0327583416e-02 2.0883533728e-01 9.8531093182e-03 1.1658500135e-01 9.7058823529e-01
1.400 0.010 4.5215812325e-01 1.0868440933e-02 8.1187557396e-01 4.9400600704e-03 6.3066887359e-02 2.0460766965e-02 9.9218750000e-01 1.1048543456e-02 5.2022275453e-01 9.4553803017e-03 7.8300780469e-01 5.2803466497e-03 2.7588232358e-01 8.0607335389e-03 8.9082415009e-01 3.3973331137e-03 2.9290806343e-01 1.9840953192e-03 2.0053025047e-01 4.6652030511e-03 4.1336420923e-02 1.0000000000e+00
1.450 0.010 4.2067906260e-01 7.1774425933e-03 8.3439035063e-01 6.1455653300e-03 4.2709633708e-02 3.0962322250e-03 9.9739583333e-01 3.6828478187e-03 5.1091082997e-01 9.4908262668e-03 7.9855503790e-01 7.8210194898e-03 2.2535492977e-01 3.2099522550e-03 9.1576066859e-01 1.6548762613e-03 2.8166145792e-01 1.7644912244e-02 1.8708193242e-01 1.1976711511e-02 4.7087918967e-02 9.9218750000e-01
1.500 0.010 3.9791228374e-01 1.6426900398e-02 8.4298208309e-01 7.5646425813e-03 3.1939106062e-02 8.6494833195e-03 9.9739583333e-01 3.6828478187e-03 4.8535752256e-01 2.4819907062e-02 8.0967110607e-01 9.0184868885e-03 2.0244690279e-01 1.1687072551e-02 9.2433991569e-01 3.8943951695e-03 2.9409113512e-01 1.1889705875e-02 1.9077235366e-01 7.1237638692e-03 4.3991252780e-02 9.9218750000e-01
1.520 0.010 3.8227467736e-01 1.7116528555e-02 8.5036579578e-01 5.3068265038e-03 2.8397467919e-02 9.9367056033e-03 9.9739583333e-01 3.6828478187e-03 4.7878516948e-01 2.2142273632e-02 8.1209347949e-01 6.4167722707e-03 1.8571222325e-01 5.0192067725e-03 9.3137834973e-01 7.9732572190e-04 3.1425566488e-01 1.0957304745e-02 1.9796143546e-01 1.2742404491e-02 1.4353825711e-02 1.0000000000e+00
1.530 0.010 3.9290059606e-01 2.0869905288e-02 8.4923173641e-01 7.1260241712e-03 2.8773989528e-02 1.9020138413e-03 1.0000000000e+00 0.0000000000e+00 4.9213998120e-01 2.4347288955e-02 8.1172546458e-01 8.8425841442e-03 1.9415164987e-01 6.2950939189e-03 9.2988684269e-01 3.6638966417e-03 3.0544297741e-01 8.2402198790e-03 1.9383317616e-01 7.9165095546e-03 3.1271629035e-02 1.0000000000e+00
1.550 0.010 3.6909992496e-01 1.7267844768e-02 8.5885891438e-01 9.1153539619e-03 2.3460324233e-02 8.4085765888e-03 1.0000000000e+00 0.0000000000e+00 4.6394420342e-01 2.1095927383e-02 8.2044367811e-01 1.0176776363e-02 1.7222124835e-01 1.1567698424e-02 9.3745531642e-01 5.5630376311e-03 3.0042048403e-01 1.4604132426e-02 1.9604090166e-01 1.8393642362e-02 3.8093153387e-02 9.9218750000e-01
# process with pid = 26415, launched at 2019-07-08 17:09:06.592715
# <j2> <train_ratio> <test_loss> <test_loss_err> <test_accuracy> <test_accuracy_err> <train_loss> <train_loss_err> <train_accuracy> <train_accuracy_err> <rest_loss> <rest_loss_err> <rest_accuracy> <rest_accuracy_err> <resampled_loss> <resampled_loss_err> <resampled_accuracy> <resampled_accuracy_err> <total_overlap> <total_overlap_err> <rest_overlap> <rest_overlap_err> <total_expr> <total_acc> 
1.600 0.010 3.9075280229e-01 2.3120386588e-02 8.4778950872e-01 8.4516674344e-03 2.4856107930e-02 1.0135963529e-02 1.0000000000e+00 0.0000000000e+00 4.8509417409e-01 3.0097879338e-02 8.1100135407e-01 1.0230448701e-02 1.8300206959e-01 1.5220125510e-02 9.3310406035e-01 5.2820761581e-03 2.8753350073e-01 1.3011852628e-02 1.8297552999e-01 9.5236790124e-03 2.5260757655e-02 1.0000000000e+00
1.700 0.01000 3.3976242940e-01 1.0229756201e-03 8.6807314683e-01 1.8134127431e-03 1.6486499459e-02 3.6498947231e-04 1.0000000000e+00 0.0000000000e+00 4.4515832065e-01 6.4057503013e-03 8.2763584529e-01 1.1168932775e-03 1.4418606460e-01 5.1880026873e-03 9.4824100782e-01 1.5549972084e-03 9.6181853832e-01 5.2455928592e-04 6.5525541734e-01 2.2338075216e-03 1.5975357965e-02 1.0000000000e+00
1.800 0.01000 3.5293882092e-01 1.1189839766e-02 8.7015020123e-01 2.1281202917e-03 1.2152368513e-02 2.0372434264e-03 1.0000000000e+00 0.0000000000e+00 4.6272665701e-01 2.0377238074e-02 8.3253993685e-01 2.2514698229e-03 1.3472405076e-01 1.6506698090e-03 9.5280181446e-01 8.3146818303e-04 9.6752658321e-01 4.1478688688e-03 6.6506201506e-01 4.5028958161e-03 1.0081201792e-02 1.0000000000e+00
1.900 0.01000 3.7270783385e-01 4.4705955991e-03 8.6554616669e-01 2.9968540203e-03 1.5042490015e-02 3.8715235413e-03 1.0000000000e+00 0.0000000000e+00 4.9297444144e-01 8.7956400240e-03 8.2423235664e-01 3.5838675563e-03 1.4063518246e-01 5.6396388138e-03 9.5113773636e-01 1.7505372360e-03 9.6227358866e-01 1.0600953245e-02 6.4844828655e-01 7.1676246029e-03 1.6404567286e-02 1.0000000000e+00
2.000 0.01000 3.5588350892e-01 8.9263675580e-03 8.6668022607e-01 6.2055212043e-03 1.4578293388e-02 2.3502044966e-03 1.0000000000e+00 0.0000000000e+00 4.7679106748e-01 1.6629517382e-02 8.2289599749e-01 5.2981249238e-03 1.3204247753e-01 6.3778699577e-03 9.5424401548e-01 3.0768397116e-03 9.7064601741e-01 2.6966136298e-03 6.4577627841e-01 1.0596329549e-02 1.1620418169e-02 1.0000000000e+00
2.100 0.01000 3.5520115495e-01 2.4372148150e-02 8.6805465673e-01 5.3976521689e-03 9.8459582465e-03 4.0899613947e-03 1.0000000000e+00 0.0000000000e+00 4.8154275334e-01 2.8887475985e-02 8.2429364845e-01 4.1924620466e-03 1.2363179525e-01 8.3129633989e-03 9.5653674531e-01 2.1316657204e-03 9.7722407228e-01 1.4238905076e-03 6.4857088664e-01 8.3850237951e-03 1.1123061180e-02 1.0000000000e+00
2.200 0.01000 3.1813382109e-01 2.7211933785e-03 8.8079433463e-01 4.2940309768e-03 9.7071876129e-03 4.0961108477e-04 1.0000000000e+00 0.0000000000e+00 4.4838415597e-01 9.5459914783e-03 8.3430249039e-01 3.8801987447e-03 1.0646982988e-01 4.9093057229e-03 9.6345191431e-01 2.2386778265e-03 9.8003796524e-01 3.7192842959e-03 6.6858853485e-01 7.7603855764e-03 9.3903616071e-03 1.0000000000e+00
2.300 0.01000 3.3732758959e-01 2.0123229704e-02 8.7782359213e-01 4.8247545396e-03 7.0472056201e-03 2.6357298384e-03 1.0000000000e+00 0.0000000000e+00 4.7892228255e-01 2.9401755432e-02 8.2953810849e-01 7.3043218672e-03 1.0538948327e-01 7.1286734551e-03 9.6461060572e-01 2.2861595320e-03 9.7968460687e-01 4.1271604972e-03 6.5906125044e-01 1.4608591422e-02 1.1991188861e-02 1.0000000000e+00
2.400 0.01000 3.4153161446e-01 1.0201057584e-02 8.7813792381e-01 5.8127045986e-03 7.1773150315e-03 1.1730346153e-03 1.0000000000e+00 0.0000000000e+00 4.9173796021e-01 1.4133286623e-02 8.2909335043e-01 5.0488026781e-03 9.9125007788e-02 5.1549666466e-03 9.6557207307e-01 2.0657838725e-03 9.8403807300e-01 1.0257962094e-03 6.5817279478e-01 1.0097591401e-02 5.5258274078e-03 1.0000000000e+00
1.000 0.01000 3.7265819311e-01 5.7177841663e-03 8.5401142688e-01 1.8397648059e-03 3.9281987585e-02 1.2971549295e-02 9.9609375000e-01 3.9062500000e-03 4.3448284939e-01 9.2932804888e-03 8.2852344651e-01 1.5345874005e-03 2.2662244737e-01 4.7729164362e-03 9.1577915835e-01 4.6224391687e-04 9.0210691256e-01 4.2812862093e-03 6.5703457513e-01 3.0691895044e-03 2.6310438290e-02 1.0000000000e+00	
