# process with pid = 9963, launched at 2019-07-06 08:43:40.906822
# <j2> <train_ratio> <test_loss> <test_loss_err> <test_accuracy> <test_accuracy_err> <train_loss> <train_loss_err> <train_accuracy> <train_accuracy_err> <rest_loss> <rest_loss_err> <rest_accuracy> <rest_accuracy_err> <resampled_loss> <resampled_loss_err> <resampled_accuracy> <resampled_accuracy_err> <total_overlap> <total_overlap_err> <rest_overlap> <rest_overlap_err> <total_expr> <total_acc> 
0.000 0.010 1.1064557203e-02 1.0527021620e-02 9.9996301980e-01 3.9943178068e-05 9.3757156283e-03 9.2196077149e-03 1.0000000000e+00 0.0000000000e+00 1.1225640507e-02 1.0906428504e-02 9.9995637872e-01 4.1752321130e-05 1.2482676655e-02 9.5516692535e-03 9.9985208195e-01 1.0459385862e-04 9.9968170054e-01 8.7220993962e-06 9.9995247918e-01 1.1137031464e-05 3.7133209407e-03 1.0000000000e+00
0.100 0.010 1.4682218743e-02 4.1135610147e-03 9.9965485149e-01 4.8811369865e-04 1.3745401055e-02 5.8847552773e-03 1.0000000000e+00 0.0000000000e+00 1.4042206694e-02 3.4956185732e-03 9.9993510494e-01 9.9169067978e-05 2.3232282760e-02 9.2304703909e-03 9.9742376057e-01 3.5387588832e-03 9.9636018194e-01 4.7691355282e-03 9.9994490050e-01 8.1733814560e-05 2.0416175947e-02 1.0000000000e+00
0.200 0.010 1.0323404082e-02 1.1577058743e-02 9.9998150990e-01 1.5097102249e-05 9.1445701255e-03 1.1724766287e-02 1.0000000000e+00 0.0000000000e+00 1.0129982499e-02 1.1301468083e-02 9.9998893885e-01 2.2034546591e-05 1.6220753392e-02 1.8276422247e-02 9.9991371447e-01 1.7432309770e-05 9.9973810022e-01 8.4194491818e-06 9.9994944553e-01 1.9856640471e-05 2.5714503601e-02 1.0000000000e+00
0.350 0.010 8.3167662766e-04 1.7377590189e-04 9.9995069307e-01 1.7432632095e-05 2.8086223756e-04 7.4182940807e-05 1.0000000000e+00 0.0000000000e+00 1.0839204141e-03 8.1067165010e-05 9.9992459526e-01 4.1211785246e-07 1.5968102186e-03 2.7010141730e-04 9.9988906146e-01 1.1102230246e-16 9.2228069812e-01 1.9886201892e-05 8.7658878016e-01 3.0598680104e-04 2.6683695614e-04 1.0000000000e+00
0.375 0.010 4.8175533302e-03 1.0161539182e-03 9.9952542080e-01 1.0052146041e-04 1.1086649417e-03 3.0083853750e-04 1.0000000000e+00 0.0000000000e+00 6.0226870275e-03 8.3026945048e-04 9.9938422361e-01 3.5540516051e-05 4.8913911451e-03 8.6450338659e-04 9.9965485788e-01 1.2570617345e-04 8.2792842234e-01 2.9250790971e-04 7.5942600135e-01 6.6157426098e-04 8.0730835907e-04 1.0000000000e+00
0.390 0.010 1.1658067194e-02 7.0669565093e-04 9.9851462875e-01 7.1346121719e-05 1.0804865742e-03 1.4280235308e-04 1.0000000000e+00 0.0000000000e+00 1.3204339008e-02 6.6416502505e-04 9.9827564980e-01 1.9874053688e-05 6.4094567982e-03 5.0376355228e-04 9.9934669526e-01 9.2243112856e-05 7.6685544310e-01 1.0622847721e-03 6.8057690660e-01 8.4494159334e-04 9.4682443887e-04 1.0000000000e+00
0.400 0.010 1.5196598756e-02 9.0005281676e-04 9.9773804461e-01 1.0276385063e-04 1.2161366176e-03 3.2962797613e-04 1.0000000000e+00 0.0000000000e+00 1.9964703773e-02 4.6158924367e-04 9.9692704758e-01 1.2015304829e-05 1.0996316249e-02 2.3832882673e-03 9.9875502305e-01 1.2202616839e-04 7.1485723193e-01 2.2144931842e-05 6.1689770232e-01 2.7997823494e-05 9.5084263012e-04 1.0000000000e+00
0.410 0.010 2.3402531942e-02 1.3335704392e-03 9.9588287139e-01 2.3886523030e-04 2.0912745968e-03 5.6567942245e-04 1.0000000000e+00 0.0000000000e+00 3.0378835881e-02 6.1022302058e-04 9.9465844783e-01 1.4495893134e-04 1.5091390349e-02 1.6049165297e-03 9.9795380026e-01 1.2202616839e-04 6.6007949079e-01 3.9215455711e-04 5.5030748951e-01 5.5730605722e-04 3.5515902564e-03 1.0000000000e+00
0.420 0.010 3.5989246021e-02 1.7035232959e-03 9.9350997541e-01 2.2796124486e-04 3.0073925542e-03 3.6519165697e-04 1.0000000000e+00 0.0000000000e+00 4.6769959274e-02 1.3330031715e-03 9.9124837054e-01 6.1140357577e-05 2.3348489776e-02 2.2735646116e-03 9.9684441486e-01 3.2566242175e-04 6.0989165653e-01 1.3992621246e-03 4.8534183699e-01 1.3583463346e-03 3.0090967193e-03 1.0000000000e+00
0.450 0.010 9.7894109786e-02 4.1911381426e-03 9.7773175798e-01 8.0487993433e-04 8.2473017586e-03 1.7522844705e-03 1.0000000000e+00 0.0000000000e+00 1.3397298074e-01 4.3831828763e-03 9.6877360163e-01 4.9570746821e-04 4.8952636619e-02 1.8960065780e-03 9.9081675418e-01 6.1311195501e-04 4.6575948930e-01 4.9472625470e-03 3.2141835089e-01 2.2742742510e-03 8.3110332489e-03 1.0000000000e+00
0.475 0.010 1.8006415168e-01 1.6900066753e-02 9.5050200618e-01 3.1649230430e-03 2.0445731158e-02 5.3085506679e-04 1.0000000000e+00 0.0000000000e+00 2.4624042000e-01 2.2208950874e-02 9.2926934584e-01 3.1945067676e-03 9.1149136424e-02 9.3620794932e-03 9.7761506792e-01 2.2999420806e-03 3.4792646989e-01 4.8304002966e-03 2.0003810280e-01 2.9451497182e-03 1.9945034757e-02 1.0000000000e+00
0.500 0.010 2.5966288646e-01 2.8785294358e-02 8.9903173517e-01 1.1759240741e-02 3.5392042870e-02 5.4354024635e-03 1.0000000000e+00 0.0000000000e+00 3.4885915761e-01 3.6368191803e-02 8.5815105497e-01 1.3792228089e-02 1.1358567327e-01 1.5099176986e-02 9.6192342775e-01 5.8158898613e-03 2.2316107050e-01 2.2535315680e-02 8.7552222699e-02 1.4109966362e-02 3.7967715412e-02 1.0000000000e+00
0.525 0.010 3.5896172126e-01 3.3095662773e-02 8.3269542493e-01 1.4229548126e-02 7.4625298381e-02 3.6195855395e-03 9.8437500000e-01 0.0000000000e+00 4.7201345254e-01 4.1730792000e-02 7.7019526027e-01 1.9285609423e-02 1.6117588182e-01 1.3230267004e-02 9.3575425881e-01 6.4114651350e-03 1.7785408258e-01 1.9808034856e-02 7.2953353799e-02 8.8809025619e-03 8.1254981458e-02 1.0000000000e+00
0.550 0.010 4.3283511202e-01 1.3747072119e-02 7.7702790156e-01 7.6197305033e-03 1.1456408103e-01 7.2030649706e-03 9.8697916667e-01 7.3656956374e-03 5.3963769265e-01 1.9673794350e-02 7.0650628260e-01 7.3283250066e-03 2.0640596251e-01 5.5335736460e-03 9.0996721150e-01 4.7040434641e-03 8.7444643854e-02 8.8712402452e-03 2.9381765428e-02 8.3952441534e-03 1.0799790174e-01 9.6875000000e-01
0.575 0.010 3.8714798292e-01 3.8946721491e-02 8.1582629169e-01 2.7106452245e-02 8.0813392997e-02 5.2383636563e-03 9.8238357843e-01 8.9295904668e-03 4.8270268534e-01 4.5940893624e-02 7.6090155495e-01 3.1205138751e-02 1.8119125068e-01 2.1733928431e-02 9.2489460839e-01 1.3005157368e-02 1.6954692665e-01 6.6625241947e-02 1.1662990971e-01 5.3532917162e-02 7.7233776450e-02 9.7058823529e-01
0.600 0.010 2.5140607854e-01 1.8350843834e-02 9.1909965547e-01 1.9571769075e-03 2.7497386560e-02 1.9828691115e-03 1.0000000000e+00 0.0000000000e+00 3.3370488720e-01 2.7742266784e-02 8.8998457786e-01 3.6655547952e-03 1.1111875127e-01 5.7402533685e-03 9.6822227153e-01 5.1624366027e-04 2.7792823658e-01 2.0925788911e-02 2.2112497217e-01 2.4851905204e-02 2.9698029160e-02 1.0000000000e+00
0.610 0.010 1.3056153556e-01 3.5474229684e-03 9.7123557002e-01 2.9979565993e-04 9.1587604644e-03 1.5123126649e-03 1.0000000000e+00 0.0000000000e+00 1.8398865401e-01 6.4242426513e-03 9.5805116390e-01 1.5975456471e-04 5.9652165820e-02 3.5267301051e-03 9.8814190272e-01 1.8199865715e-04 4.0643270014e-01 9.4419045557e-03 3.4808561174e-01 9.5051374650e-03 9.0538747609e-03 1.0000000000e+00
0.620 0.010 3.6906698098e-02 1.9462891909e-03 9.9440982687e-01 2.9131279202e-04 2.5774831108e-03 4.3901745226e-04 1.0000000000e+00 0.0000000000e+00 5.2998662602e-02 3.4247483967e-03 9.9147969286e-01 4.5629603795e-04 1.6607025017e-02 2.3400052804e-03 9.9797845327e-01 2.1842621535e-04 6.1987447897e-01 7.8352545796e-03 5.5940006377e-01 9.0097331423e-03 2.7566850185e-03 1.0000000000e+00
0.700 0.010 2.5578838928e-03 7.3763051799e-04 9.9971032179e-01 9.8227893241e-05 2.6262549606e-04 3.4171825200e-05 1.0000000000e+00 0.0000000000e+00 2.5258070561e-03 1.5353472980e-04 9.9971312389e-01 5.1885968946e-07 2.8353310190e-03 3.9453395319e-04 9.9975346991e-01 7.5985676638e-05 9.2832219244e-01 1.1102230246e-16 9.2593718948e-01 1.0511544833e-04 2.9123283457e-04 1.0000000000e+00
0.800 0.010 1.5591733468e-02 3.2651592665e-04 9.9699227730e-01 1.5197416324e-04 1.6632792928e-03 3.7707565917e-04 1.0000000000e+00 0.0000000000e+00 1.7514353476e-02 4.6197421587e-04 9.9668440227e-01 1.2082436093e-04 1.3283367890e-02 1.2522058706e-03 9.9779355570e-01 1.6629363661e-04 8.6429772881e-01 1.0103438753e-04 8.5005903003e-01 1.2867102585e-04 1.1305949884e-03 1.0000000000e+00
0.900 0.010 4.5094393194e-02 5.0105593387e-03 9.8501685681e-01 1.5187664853e-03 5.8059225169e-03 8.4393722755e-04 1.0000000000e+00 0.0000000000e+00 4.9245269351e-02 5.6318026852e-03 9.8320638198e-01 1.6754385337e-03 3.7890671442e-02 4.2293476595e-03 9.8854867737e-01 1.7725324814e-03 7.3351678145e-01 5.7203560401e-03 7.1144923538e-01 3.2748988968e-03 5.5247615092e-03 1.0000000000e+00
1.000 0.010 6.8960423271e-02 1.1493223585e-02 9.7473636201e-01 3.9415100210e-03 1.3812205133e-02 5.1348848323e-03 1.0000000000e+00 0.0000000000e+00 7.5597336876e-02 1.1568471391e-02 9.7196443158e-01 4.0879033191e-03 7.2115711868e-02 3.0913331588e-02 9.7755343540e-01 6.1129271975e-03 6.3737091574e-01 2.4874527237e-02 6.1571776393e-01 1.5897026571e-02 1.0140184313e-02 1.0000000000e+00
