# process with pid = 2743, launched at 2019-07-01 19:00:31.462380
# <j2> <train_ratio> <test_loss> <test_loss_err> <test_accuracy> <test_accuracy_err> <train_loss> <train_loss_err> <train_accuracy> <train_accuracy_err> <rest_loss> <rest_loss_err> <rest_accuracy> <rest_accuracy_err> <resampled_loss> <resampled_loss_err> <resampled_accuracy> <resampled_accuracy_err> <total_overlap> <total_overlap_err> <rest_overlap> <rest_overlap_err> <total_expr> <total_acc> 
0.500 0.002 2.0883973440e-01 9.7503107786e-02 9.1476680904e-01 4.6020544933e-02 3.1429515531e-02 2.6579309479e-02 1.0000000000e+00 0.0000000000e+00 2.1619588607e-01 9.7130412208e-02 9.1181562639e-01 4.5521208315e-02 1.9289948791e-01 9.3146474542e-02 9.2264546351e-01 4.1536167352e-02 7.4828265269e-01 9.5936134091e-02 7.3499053479e-01 9.4854992450e-02 1.3961873949e-02 1.0000000000e+00
0.500 0.004 4.0799609415e-03 4.3673292038e-03 9.9999383663e-01 8.7163160474e-06 1.3831338535e-03 1.6472765398e-03 1.0000000000e+00 0.0000000000e+00 4.6058467777e-03 4.6989491680e-03 9.9996003685e-01 2.1565636875e-05 3.5208651401e-03 3.8945468655e-03 9.9996918431e-01 4.3579968641e-05 9.5700463101e-01 1.0561505153e-04 9.5037884514e-01 1.9697034062e-04 5.8440247085e-04 1.0000000000e+00
0.500 0.006 5.7179331391e-04 2.5520268682e-04 9.9998150990e-01 1.5097102249e-05 7.8838939468e-05 1.1134363896e-04 1.0000000000e+00 0.0000000000e+00 6.2754757718e-04 3.6704045643e-04 9.9998142714e-01 1.0889153762e-06 2.7365564044e-04 3.4179134057e-04 1.0000000000e+00 0.0000000000e+00 9.5709189223e-01 2.1305781318e-05 9.4993299065e-01 1.0903098192e-04 1.5459954739e-07 1.0000000000e+00
0.500 0.008 1.4726099616e-03 1.5482879227e-03 9.9998150990e-01 1.5097102249e-05 1.1761983236e-05 1.6633956212e-05 1.0000000000e+00 0.0000000000e+00 1.6756871873e-03 1.7827989308e-03 9.9997560369e-01 7.1943378551e-06 1.4462352374e-03 1.7049614898e-03 9.9995377433e-01 3.7743104559e-05 9.5701787285e-01 1.1318663396e-04 9.5000291586e-01 1.1454384455e-04 0.0000000000e+00 1.0000000000e+00
0.500 0.010 6.5273348203e-04 1.6109384367e-04 9.9995069307e-01 8.7163160474e-06 4.9670537313e-09 7.0244747518e-09 1.0000000000e+00 0.0000000000e+00 4.4634178723e-04 5.4133020775e-05 9.9997941610e-01 1.5499979020e-06 6.0289228956e-04 4.9250859278e-04 9.9996302049e-01 3.0193646214e-05 9.5711488409e-01 1.1234120807e-05 9.4936341740e-01 2.1594047196e-04 0.0000000000e+00 1.0000000000e+00
0.500 0.020 3.1604083294e-03 3.8554532192e-03 9.9998150990e-01 1.5097102249e-05 1.0951844354e-03 1.5488167794e-03 1.0000000000e+00 0.0000000000e+00 3.2909163761e-03 4.0265824501e-03 9.9997243705e-01 6.1568449916e-06 3.0864416767e-03 3.8283947952e-03 9.9996301980e-01 1.5097102249e-05 9.5703971079e-01 5.6064231846e-05 9.4734985924e-01 1.6851600168e-04 7.4505805969e-09 1.0000000000e+00
0.500 0.030 5.0477151914e-04 1.0214821239e-04 9.9996918317e-01 8.7163160474e-06 3.0174851418e-07 2.4791146862e-07 1.0000000000e+00 0.0000000000e+00 5.8109847006e-04 1.0640709046e-04 9.9996624984e-01 9.1562007309e-06 6.2506577039e-04 2.7168395786e-04 9.9995480226e-01 1.5374041651e-05 9.5705990126e-01 8.0466906181e-05 9.4561827761e-01 3.6657352770e-05 5.0872750580e-04 1.0000000000e+00
0.500 0.040 3.3941092746e-04 6.7977793838e-05 9.9997534654e-01 8.7163160474e-06 2.6490954023e-08 3.7463866460e-08 1.0000000000e+00 0.0000000000e+00 6.2126775484e-04 3.6966842152e-05 9.9996367321e-01 6.1770366116e-06 4.0671823081e-04 1.4447424347e-04 9.9997226485e-01 7.5485511244e-06 9.5711159876e-01 2.4707294596e-05 9.4377199955e-01 7.6976627474e-05 7.9472862069e-08 1.0000000000e+00
0.500 0.050 6.0569738465e-04 2.5217935157e-04 9.9995685644e-01 1.7432632095e-05 1.1002024015e-06 3.8296676815e-07 1.0000000000e+00 0.0000000000e+00 6.8933906416e-04 7.8528425591e-05 9.9996232538e-01 7.3707891402e-07 5.0011088024e-04 4.9942004339e-05 9.9996548528e-01 6.9730270516e-06 9.5711402637e-01 7.1396947032e-06 9.4273252762e-01 1.6408962701e-04 4.7497451305e-06 1.0000000000e+00
0.500 0.060 5.5898469873e-04 2.3438338228e-04 9.9996301980e-01 1.5097102249e-05 1.5906989574e-06 2.7074429856e-07 1.0000000000e+00 0.0000000000e+00 7.5746194272e-04 2.9232753896e-05 9.9995443285e-01 3.0643395478e-06 4.8464272792e-04 1.6191616589e-04 9.9996712871e-01 1.2664513603e-05 9.5711564906e-01 2.9141347567e-05 9.4040343807e-01 2.5117024718e-04 3.6507844925e-07 1.0000000000e+00
0.500 0.070 6.3013222340e-04 1.4017994865e-04 9.9995069307e-01 1.7432632095e-05 2.0576020082e-06 5.5895357136e-07 1.0000000000e+00 0.0000000000e+00 7.7047979696e-04 3.4794538417e-05 9.9995200317e-01 1.1743398263e-07 3.9566302439e-04 1.5249805352e-04 9.9997358564e-01 4.3134463917e-06 9.5708441361e-01 3.5580586794e-05 9.3820249715e-01 2.4393249762e-04 8.9779496193e-07 1.0000000000e+00
0.500 0.080 5.1507573808e-03 8.2824237455e-03 9.9997688738e-01 1.5331179809e-05 2.7087059182e-03 4.6915703896e-03 1.0000000000e+00 0.0000000000e+00 5.7080893371e-03 8.1200680342e-03 9.9993804063e-01 1.5157013736e-06 5.1742692449e-03 8.0702596311e-03 9.9996764233e-01 3.2686185177e-06 9.5707930637e-01 6.0522137572e-05 9.3706419706e-01 7.6776825867e-05 7.9472862069e-08 1.0000000000e+00
0.500 0.090 1.0559446382e-03 3.6372016198e-04 9.9993066213e-01 2.4019342597e-05 1.4202669263e-06 2.1917601898e-06 1.0000000000e+00 0.0000000000e+00 1.0600354111e-03 1.0023215269e-04 9.9993336978e-01 2.2368433487e-06 5.9826514007e-04 3.2338703328e-04 9.9996301988e-01 1.8144421480e-05 9.5709826684e-01 4.7051024769e-06 9.3519602526e-01 6.4828357414e-05 3.3713877201e-07 1.0000000000e+00
0.500 0.100 6.8593715332e-04 6.3327207733e-04 9.9993990718e-01 4.5993539426e-05 4.7497451305e-07 2.9729473776e-07 1.0000000000e+00 0.0000000000e+00 1.1098650999e-03 1.1320420830e-04 9.9992551874e-01 3.1010535146e-06 5.7482432749e-04 1.9259623215e-04 9.9996486894e-01 1.0938849371e-05 9.5711117250e-01 1.7539990127e-05 9.3383876847e-01 1.1546215487e-04 2.3096799850e-07 1.0000000000e+00
0.500 0.200 1.6831668327e-03 2.3111026198e-04 9.9985207921e-01 3.6980197104e-05 7.9666083366e-06 2.0230939308e-06 1.0000000000e+00 0.0000000000e+00 2.0535844029e-03 9.1582049958e-05 9.9983124494e-01 6.5470135165e-07 9.3453306181e-04 1.2985227125e-04 9.9993482252e-01 6.9645227314e-06 9.5710030579e-01 3.9293635187e-06 9.1596224538e-01 1.2615126425e-04 9.3113631010e-06 1.0000000000e+00
0.500 0.300 3.5148355528e-03 4.7111882385e-04 9.9965331065e-01 5.6045132726e-05 3.3559743315e-05 8.7600328477e-06 1.0000000000e+00 0.0000000000e+00 3.9411236253e-03 2.2658455389e-04 9.9962861519e-01 1.9139836868e-06 1.4942230482e-03 7.4452784544e-05 9.9987673298e-01 3.5938203129e-06 9.5710007707e-01 4.0876605795e-06 8.9458772283e-01 2.7364613857e-04 2.3467466235e-05 1.0000000000e+00
0.500 0.400 6.9743711501e-03 9.9393502695e-04 9.9918181314e-01 8.2041673674e-05 4.7788023949e-05 1.0081442593e-05 1.0000000000e+00 0.0000000000e+00 7.8565805286e-03 3.7388563018e-04 9.9913288318e-01 1.1279149155e-05 1.9661595579e-03 1.8840152123e-04 9.9979730267e-01 2.0395460866e-05 9.5713788314e-01 2.5526634196e-05 8.6740312378e-01 2.6070171437e-04 3.7681311369e-05 1.0000000000e+00
0.500 0.500 1.4537146548e-02 1.2714160638e-03 9.9799382431e-01 8.7217620436e-05 6.3006368691e-05 4.0544092970e-05 1.0000000000e+00 0.0000000000e+00 1.6783548347e-02 5.8401491260e-04 9.9783036762e-01 1.7862942343e-05 3.4446305363e-03 2.2828365928e-04 9.9958582271e-01 1.3404972909e-05 9.5720459322e-01 1.1122617551e-04 8.2988232621e-01 2.6931978076e-04 4.6832221415e-05 1.0000000000e+00
0.500 0.600 2.8088288382e-02 1.4281176482e-03 9.9461013627e-01 3.1501072495e-04 9.9514378235e-05 7.5191175018e-06 1.0000000000e+00 0.0000000000e+00 3.3544570542e-02 1.0757776160e-03 9.9382578945e-01 8.4220450894e-05 4.8647928052e-03 2.3863837668e-04 9.9916378735e-01 2.6482245275e-05 9.5830159173e-01 2.8897962608e-04 7.7889689711e-01 1.6868333154e-03 2.3349747062e-04 1.0000000000e+00
# process with pid = 63257, launched at 2019-07-02 18:46:40.045488
# <j2> <train_ratio> <test_loss> <test_loss_err> <test_accuracy> <test_accuracy_err> <train_loss> <train_loss_err> <train_accuracy> <train_accuracy_err> <rest_loss> <rest_loss_err> <rest_accuracy> <rest_accuracy_err> <resampled_loss> <resampled_loss_err> <resampled_accuracy> <resampled_accuracy_err> <total_overlap> <total_overlap_err> <rest_overlap> <rest_overlap_err> <total_expr> <total_acc> 
0.500 0.00010 6.9437314570e-01 3.8273350398e-04 5.0178429451e-01 7.5707866012e-04 3.6285298876e-02 1.1826643012e-02 1.0000000000e+00 0.0000000000e+00 6.9448272805e-01 4.0489684748e-04 5.0044301646e-01 4.7386201189e-04 6.9273878634e-01 3.9286680879e-03 5.0740740741e-01 2.8206567059e-02 8.4668700358e-04 3.5097163666e-04 7.8256602376e-04 2.1338403875e-04 7.3186874390e-02 1.0000000000e+00
0.500 0.00030 6.9429704547e-01 4.4743850384e-04 4.9975038367e-01 2.3367490719e-03 2.4894667789e-02 3.5960211763e-03 1.0000000000e+00 0.0000000000e+00 6.9415442717e-01 3.7576257014e-04 5.0081976343e-01 6.0408893871e-04 6.9419583678e-01 1.1085851245e-03 5.0924784217e-01 1.4406068367e-02 9.9661892808e-04 7.8213031076e-04 9.3839192985e-04 2.9169942610e-04 2.0089786500e-02 1.0000000000e+00
0.500 0.00050 6.9400884211e-01 2.9428370319e-04 4.9908474012e-01 8.9995699378e-04 3.5454620607e-02 3.6995585329e-03 1.0000000000e+00 0.0000000000e+00 6.9404788243e-01 3.0903079478e-04 5.0023710344e-01 4.1615230918e-04 6.9394592941e-01 1.1169582938e-03 4.9704142012e-01 2.0457569062e-02 1.0991366218e-05 3.3115445941e-04 2.4417521769e-04 1.7873945940e-04 4.1344434023e-02 1.0000000000e+00
0.500 0.00070 6.9449533522e-01 1.6855243685e-04 5.0001386757e-01 3.9164188253e-03 3.4646811895e-02 8.0333361492e-03 1.0000000000e+00 0.0000000000e+00 6.9453979430e-01 4.6960529387e-04 5.0045270255e-01 8.1128550245e-04 6.9386050105e-01 1.3134526327e-03 5.0092445853e-01 1.4550598272e-02 6.3120108390e-04 6.4287350589e-04 5.7135262971e-04 1.6198598602e-04 3.3326402307e-02 1.0000000000e+00
0.500 0.00090 6.9417780638e-01 4.0147711215e-04 4.9933897898e-01 1.6017898313e-03 2.9897302389e-02 1.6972435167e-02 1.0000000000e+00 0.0000000000e+00 6.9414775228e-01 2.9457730156e-04 4.9993554271e-01 1.4336406933e-03 6.9368477166e-01 5.1817291401e-04 5.0605998357e-01 9.0123198090e-03 7.6535653516e-06 3.2152437142e-04 2.4136135879e-04 4.1379109892e-04 1.0417938232e-02 1.0000000000e+00
0.500 0.00110 6.9429993629e-01 5.1151371414e-04 4.9938058170e-01 7.6315067890e-04 5.1693743560e-02 2.0589219868e-02 1.0000000000e+00 0.0000000000e+00 6.9426651477e-01 4.3574244806e-04 4.9895507263e-01 5.9705025670e-04 6.9445633888e-01 1.2533650679e-03 5.0159663866e-01 4.6780388772e-03 6.2707852139e-04 2.6579501893e-04 2.5369791873e-05 1.7391181117e-04 5.2738074213e-02 1.0000000000e+00
0.500 0.00130 5.6748885661e-01 1.2901667085e-01 6.6813971118e-01 1.7299592527e-01 2.2133293503e-02 2.3836168574e-02 1.0000000000e+00 0.0000000000e+00 5.7880412869e-01 1.1735840548e-01 6.6623774766e-01 1.6704550050e-01 5.5854697526e-01 1.3559453742e-01 6.7361308677e-01 1.7454985345e-01 3.0773341528e-01 3.0863005043e-01 2.9938575789e-01 3.0047215063e-01 2.5074926671e-03 1.0000000000e+00
0.500 0.00150 4.5794684067e-01 2.3601379605e-01 7.1417081153e-01 2.1371789690e-01 3.7285047118e-02 4.2687565285e-02 9.9804687500e-01 3.3829117335e-03 4.6250087518e-01 2.3158847605e-01 7.1160341941e-01 2.1246937348e-01 4.4400641695e-01 2.4963352496e-01 7.1881163708e-01 2.1600605725e-01 4.0356822453e-01 4.0318929652e-01 4.0023058546e-01 3.9987622429e-01 7.4729308486e-02 1.0000000000e+00
0.500 0.00170 5.5461887270e-01 1.0153685659e-01 7.9239779598e-01 5.2207842467e-02 8.6675218772e-03 4.2628251719e-03 1.0000000000e+00 0.0000000000e+00 5.6782242400e-01 9.6468768454e-02 7.8818943781e-01 5.2772712017e-02 5.1747021079e-01 1.1088263926e-01 8.0258864477e-01 5.3559675839e-02 5.3552588814e-01 8.8428845534e-02 5.2120485038e-01 8.4892182043e-02 1.2791839242e-01 9.8290598291e-01
0.500 0.00190 2.7998502180e-01 1.1699512652e-01 9.0904258270e-01 3.5663168832e-02 1.6379455806e-03 1.5924208860e-03 1.0000000000e+00 0.0000000000e+00 2.9086657839e-01 1.2340064972e-01 9.0545816903e-01 3.8035234699e-02 2.4960190244e-01 1.0562412306e-01 9.1660179058e-01 3.5078875617e-02 7.3397587978e-01 8.7252964621e-02 7.1942909165e-01 8.8983146814e-02 2.4637514725e-02 1.0000000000e+00
0.500 0.00210 4.7947231214e-02 1.8484218439e-02 9.8401068728e-01 5.1493575868e-03 1.3155676425e-04 9.7843032011e-05 1.0000000000e+00 0.0000000000e+00 5.2608801618e-02 1.9762154230e-02 9.8236939164e-01 5.7152116544e-03 4.5822803397e-02 1.9342033896e-02 9.8534072900e-01 5.4336213324e-03 9.0012612964e-01 1.1712971307e-02 8.8936002754e-01 1.2816529338e-02 4.6662986279e-05 1.0000000000e+00
0.500 0.00230 2.3882607231e-02 1.2696334620e-02 9.9297838507e-01 4.5209401676e-03 3.9721177473e-05 4.7591038880e-05 1.0000000000e+00 0.0000000000e+00 2.6591482854e-02 1.3084144459e-02 9.9218066938e-01 4.8402201834e-03 2.2828944377e-02 1.1204449842e-02 9.9308681672e-01 4.3154551548e-03 9.3607946551e-01 1.3143613512e-02 9.2705201397e-01 1.4320240092e-02 1.2210570276e-04 1.0000000000e+00
0.500 0.00250 5.0990682794e-03 4.0584969116e-03 9.9847918939e-01 1.3999077564e-03 6.5155327320e-06 9.0094835615e-06 1.0000000000e+00 0.0000000000e+00 5.5038278752e-03 4.6243855876e-03 9.9827025437e-01 1.5732923097e-03 4.0556462845e-03 3.4958968716e-03 9.9866863905e-01 1.2243302779e-03 9.5182802012e-01 4.1896532137e-03 9.4452988256e-01 4.9120573061e-03 3.0243769288e-05 1.0000000000e+00
0.500 0.00270 1.5093927286e-03 2.0765457050e-03 9.9955161511e-01 6.2489626290e-04 4.7683716531e-08 4.7683716531e-08 1.0000000000e+00 0.0000000000e+00 1.8070499414e-03 2.0105183656e-03 9.9949686893e-01 6.8453812022e-04 1.1904504995e-03 1.9465314471e-03 9.9952061361e-01 8.3032157602e-04 9.5498563303e-01 2.8392727777e-03 9.4780265905e-01 3.0673756460e-03 0.0000000000e+00 1.0000000000e+00
0.500 0.00290 3.9416050495e-03 3.5158655301e-03 9.9889521661e-01 1.0750028649e-03 8.5604978750e-07 7.3491247337e-07 1.0000000000e+00 0.0000000000e+00 3.9223056537e-03 3.4670997551e-03 9.9889540581e-01 1.0669181899e-03 3.0044890291e-03 3.2454722854e-03 9.9913925019e-01 8.7131155118e-04 9.5223508629e-01 4.8846865886e-03 9.4533635881e-01 5.3361187256e-03 2.8610229492e-06 1.0000000000e+00
0.500 0.00310 1.8797135745e-03 2.1839873309e-03 9.9960246288e-01 5.4982788311e-04 1.2006670236e-07 7.5956432268e-08 1.0000000000e+00 0.0000000000e+00 2.3258271517e-03 3.0915514657e-03 9.9946332829e-01 8.2510210128e-04 1.1278261823e-03 1.7729453139e-03 9.9961231063e-01 6.0459068748e-04 9.5553095992e-01 2.2211365308e-03 9.4846655810e-01 2.3692712164e-03 2.2101025934e-06 1.0000000000e+00
0.500 0.00330 5.3398011369e-04 1.5143507928e-04 9.9995839728e-01 2.0149117761e-05 2.4694018066e-05 4.1455735884e-05 1.0000000000e+00 0.0000000000e+00 6.5153157262e-04 1.9112438004e-04 9.9994937039e-01 3.1467984192e-05 3.2476494926e-04 2.4439294875e-04 9.9997198566e-01 4.8522266012e-05 9.5695642425e-01 9.0756117390e-05 9.5053894686e-01 9.5056780524e-05 3.7252902985e-08 1.0000000000e+00
0.500 0.00350 1.1124556622e-03 5.8610489775e-04 9.9990754951e-01 1.0781487519e-04 6.3177198172e-05 1.0937880164e-04 1.0000000000e+00 0.0000000000e+00 7.6013387936e-04 2.3193670384e-04 9.9992464786e-01 7.0733759085e-05 2.2350668542e-04 2.9342714473e-04 1.0000000000e+00 0.0000000000e+00 9.5669390102e-01 3.6065299012e-04 9.4964106895e-01 5.1806370868e-04 2.2351741791e-08 1.0000000000e+00
0.500 0.00370 5.7252390980e-04 2.2759258210e-04 9.9996301980e-01 4.3363124825e-05 2.5130453218e-05 4.3514113155e-05 1.0000000000e+00 0.0000000000e+00 5.6318028405e-04 1.6473830356e-04 9.9996482831e-01 1.0035193263e-05 1.8590316495e-04 2.1152291575e-04 9.9997501249e-01 4.3279630374e-05 9.5704682811e-01 4.5134574030e-05 9.5098916091e-01 1.9832732326e-04 0.0000000000e+00 1.0000000000e+00
0.500 0.00390 1.3629688438e-03 1.3964111221e-03 9.9996301980e-01 2.9235412793e-05 3.1150295399e-04 5.3953894302e-04 1.0000000000e+00 0.0000000000e+00 1.4071774692e-03 1.5839848882e-03 9.9996603898e-01 9.7463496288e-06 8.5132515596e-04 1.3944732010e-03 1.0000000000e+00 0.0000000000e+00 9.5697286436e-01 1.4447133075e-04 9.5026636597e-01 8.3500704403e-05 0.0000000000e+00 1.0000000000e+00
0.500 0.00410 3.1994711389e-04 1.2203836355e-04 9.9998150990e-01 0.0000000000e+00 1.4123506844e-05 2.4462631435e-05 1.0000000000e+00 0.0000000000e+00 5.1651527944e-04 2.0474810678e-04 9.9996758255e-01 9.8732776114e-06 3.1288365153e-04 5.1011442328e-04 9.9997745107e-01 3.9055894461e-05 9.5706756810e-01 2.8353623069e-05 9.5044981698e-01 1.3349509115e-04 0.0000000000e+00 1.0000000000e+00
0.500 0.00430 2.4644694349e-04 4.6146578492e-05 9.9998150990e-01 0.0000000000e+00 0.0000000000e+00 0.0000000000e+00 1.0000000000e+00 0.0000000000e+00 4.1799005371e-04 4.1894348226e-05 9.9997311233e-01 1.3578217006e-06 8.9270156332e-04 5.0768639038e-04 9.9993550052e-01 3.7238794452e-05 9.5707182943e-01 2.6662271492e-05 9.5041797971e-01 6.5178949708e-05 0.0000000000e+00 1.0000000000e+00
0.500 0.00450 4.0930108594e-04 2.4093767904e-04 9.9996764233e-01 2.4019342597e-05 0.0000000000e+00 0.0000000000e+00 1.0000000000e+00 0.0000000000e+00 4.4077682210e-04 7.6529227564e-05 9.9997380766e-01 9.5227592457e-07 2.3264692169e-04 3.5475610688e-04 9.9997945599e-01 3.5583260900e-05 9.5708231668e-01 2.0390228488e-05 9.5061856255e-01 1.7384148570e-04 0.0000000000e+00 1.0000000000e+00
0.500 0.00470 3.3285351674e-04 1.0554142114e-04 9.9997688738e-01 8.0064475323e-06 0.0000000000e+00 0.0000000000e+00 1.0000000000e+00 0.0000000000e+00 4.7408579820e-04 1.3723061948e-04 9.9997263529e-01 1.9665234886e-06 1.7626399199e-05 1.0099235930e-05 1.0000000000e+00 0.0000000000e+00 9.5708216039e-01 2.0878644613e-05 9.5025724422e-01 1.8566988922e-04 0.0000000000e+00 1.0000000000e+00
0.500 0.00490 2.7081101325e-04 1.6839045513e-04 9.9998150990e-01 1.3074474071e-05 1.3038516045e-08 2.2583372245e-08 1.0000000000e+00 0.0000000000e+00 3.7511291836e-04 2.6732420276e-05 9.9997457414e-01 9.6101407523e-08 2.0855776654e-05 1.0997553482e-05 1.0000000000e+00 0.0000000000e+00 9.5709743227e-01 9.1820464384e-07 9.5124480277e-01 6.1636506855e-05 0.0000000000e+00 1.0000000000e+00
0.500 0.00510 4.9168594705e-04 1.4356530447e-04 9.9996301980e-01 1.3074474071e-05 0.0000000000e+00 0.0000000000e+00 1.0000000000e+00 0.0000000000e+00 4.0871036752e-04 2.7027407822e-05 9.9997223864e-01 2.6740060164e-06 8.7160131397e-04 8.8173441245e-04 9.9994561671e-01 6.0122993082e-05 9.5705052402e-01 7.2071550740e-05 9.5054172752e-01 2.5068396474e-04 0.0000000000e+00 1.0000000000e+00
0.500 0.00530 2.9542467382e-03 4.0861208548e-03 9.9996764233e-01 3.7836994859e-05 1.4358818298e-03 2.4724572340e-03 1.0000000000e+00 0.0000000000e+00 3.0222140248e-03 4.3344230152e-03 9.9996409786e-01 8.1497402748e-06 2.7448073652e-03 4.0323462623e-03 9.9996511303e-01 3.4886966229e-05 9.5700563146e-01 8.2309395971e-05 9.4964964809e-01 1.3348167668e-04 7.0682261139e-03 1.0000000000e+00
0.500 0.00550 5.9016488376e-04 4.9001611815e-04 9.9998613243e-01 8.0064475324e-06 1.0311044753e-04 1.7859253391e-04 1.0000000000e+00 0.0000000000e+00 7.5057335277e-04 5.9557688351e-04 9.9997007021e-01 6.6974077902e-06 3.3919566977e-04 5.3474042187e-04 1.0000000000e+00 0.0000000000e+00 9.5705254874e-01 7.9514543036e-05 9.5002159687e-01 1.1770106780e-04 0.0000000000e+00 1.0000000000e+00
0.500 0.00570 5.0771444512e-04 2.1858590235e-04 9.9996764233e-01 1.5331179809e-05 0.0000000000e+00 0.0000000000e+00 1.0000000000e+00 0.0000000000e+00 4.1025808527e-04 2.5438514876e-05 9.9997408332e-01 1.2739043962e-07 4.0372139665e-05 1.9697098683e-05 1.0000000000e+00 0.0000000000e+00 9.5710094096e-01 1.5707941556e-05 9.5001034648e-01 1.9974153760e-04 0.0000000000e+00 1.0000000000e+00
0.500 0.00590 4.9036085147e-03 7.7967483240e-03 9.9997688738e-01 2.0149117761e-05 2.5532040745e-03 4.4222791791e-03 1.0000000000e+00 0.0000000000e+00 5.0689081939e-03 7.9873461622e-03 9.9997256102e-01 2.3555759283e-06 4.6767740304e-03 7.6802805081e-03 9.9996866186e-01 3.1338138515e-05 9.5708027595e-01 1.7541624842e-05 9.5008512834e-01 2.4994657002e-04 0.0000000000e+00 1.0000000000e+00
# process with pid = 8907, launched at 2019-07-02 01:25:00.477221
# <j2> <train_ratio> <test_loss> <test_loss_err> <test_accuracy> <test_accuracy_err> <train_loss> <train_loss_err> <train_accuracy> <train_accuracy_err> <rest_loss> <rest_loss_err> <rest_accuracy> <rest_accuracy_err> <resampled_loss> <resampled_loss_err> <resampled_accuracy> <resampled_accuracy_err> <total_overlap> <total_overlap_err> <rest_overlap> <rest_overlap_err> <total_expr> <total_acc> 
0.400 0.002 2.7309688181e-01 1.8662969844e-01 8.8020881485e-01 8.9670728404e-02 4.1243186841e-02 4.3771882991e-02 1.0000000000e+00 0.0000000000e+00 2.7577956714e-01 1.8465065297e-01 8.7915960917e-01 8.9465957576e-02 2.5478162616e-01 1.8225367308e-01 8.8856015779e-01 8.6838269320e-02 7.1776520808e-01 1.8382260596e-01 7.0696024920e-01 1.8487137504e-01 1.4145936817e-02 1.0000000000e+00
0.400 0.004 1.2916875421e-03 5.2835980706e-04 9.9985207921e-01 1.1398062243e-04 1.4558183223e-04 5.6294442025e-05 1.0000000000e+00 0.0000000000e+00 1.4386471305e-03 5.5590274926e-04 9.9985535348e-01 1.2287264318e-04 1.0509466132e-03 3.5204762198e-04 9.9993836862e-01 4.3579968641e-05 9.8017002896e-01 3.6996152921e-04 9.7701900479e-01 4.7895640682e-04 2.1501071751e-04 1.0000000000e+00
0.400 0.006 3.0732962356e-03 4.0667006655e-03 9.9996301980e-01 2.6148948142e-05 1.4449997495e-03 2.0432484847e-03 1.0000000000e+00 0.0000000000e+00 3.2665681301e-03 4.2420247179e-03 9.9995876017e-01 4.8789667424e-05 2.7450422143e-03 3.7547470528e-03 9.9997945557e-01 2.9054207753e-05 9.8086824692e-01 1.3570609805e-04 9.7789804085e-01 1.7242479934e-04 1.2230686843e-04 1.0000000000e+00
0.400 0.008 7.8182909056e-04 6.6100087701e-04 9.9998150990e-01 1.5097102249e-05 4.7683715820e-07 6.7434957617e-07 1.0000000000e+00 0.0000000000e+00 6.4289387918e-04 7.5959839832e-04 9.9999856027e-01 5.7609733453e-06 5.0453560167e-04 6.7127772281e-04 1.0000000000e+00 0.0000000000e+00 9.8101351795e-01 1.1714038897e-05 9.7805721253e-01 4.0855940551e-05 1.4305114746e-06 1.0000000000e+00
0.400 0.010 6.0952007771e-03 1.1715053472e-03 9.9995685644e-01 4.8530393864e-05 1.6752302569e-03 5.4346362791e-04 1.0000000000e+00 0.0000000000e+00 6.3424318097e-03 1.2962628621e-03 9.9994497462e-01 2.4438488380e-05 5.7796013231e-03 1.0145123746e-03 1.0000000000e+00 0.0000000000e+00 9.8055385472e-01 2.4030881351e-04 9.7712569767e-01 2.3276096210e-04 2.3399703205e-03 1.0000000000e+00
0.400 0.020 4.0848531644e-03 2.5674717662e-03 9.9993836634e-01 4.8530393864e-05 8.3734801350e-04 6.0653309827e-04 1.0000000000e+00 0.0000000000e+00 4.0258482168e-03 2.7981439835e-03 9.9996296100e-01 4.4028120579e-05 3.6685941316e-03 2.5926397054e-03 9.9995069307e-01 6.9730528379e-05 9.8086443119e-01 1.1141308261e-04 9.7667441262e-01 1.6579875700e-04 8.4232538939e-05 1.0000000000e+00
0.400 0.030 2.4663837879e-03 3.1830944120e-03 9.9997534654e-01 8.7163160474e-06 1.1924505234e-03 1.6863797026e-03 1.0000000000e+00 0.0000000000e+00 2.4744979204e-03 3.3537371736e-03 9.9999994955e-01 2.5467571962e-06 2.2337463355e-03 3.1315591099e-03 1.0000000000e+00 0.0000000000e+00 9.8098828651e-01 4.8799157725e-05 9.7563962939e-01 8.8793592260e-05 3.5773515701e-03 1.0000000000e+00
0.400 0.040 7.9932041311e-03 4.1699914951e-03 9.9998150990e-01 1.5097102249e-05 2.4849134109e-03 2.4627130039e-03 1.0000000000e+00 0.0000000000e+00 8.2048507223e-03 4.1578419810e-03 9.9994717344e-01 2.3801710809e-05 7.3209890785e-03 4.0854814709e-03 9.9995377475e-01 3.2903371522e-05 9.8061136655e-01 3.3887734700e-04 9.7456839198e-01 6.1947405168e-04 5.8901710436e-03 1.0000000000e+00
0.400 0.050 1.4554031504e-02 6.3474721224e-03 9.9998150990e-01 2.6148948142e-05 7.0165512152e-03 5.5832084042e-03 1.0000000000e+00 0.0000000000e+00 1.4589138847e-02 6.3006957964e-03 9.9994339298e-01 1.3048103734e-05 1.4607422364e-02 6.4333216434e-03 9.9995069325e-01 1.2570803290e-05 9.8058919377e-01 2.5389556661e-04 9.7384070807e-01 3.3894867563e-04 1.4851649292e-02 1.0000000000e+00
0.400 0.060 1.7162677880e-03 1.0563797564e-03 9.9996301980e-01 3.9943178068e-05 2.2956387450e-04 2.8298417660e-04 1.0000000000e+00 0.0000000000e+00 1.7203819639e-03 1.1395355633e-03 9.9993641614e-01 6.6043689039e-05 1.5918685943e-03 1.0884180927e-03 9.9994658416e-01 6.2517587390e-05 9.8073525931e-01 3.1050759008e-04 9.7334872154e-01 3.5149875479e-04 6.2823947519e-04 1.0000000000e+00
0.400 0.070 1.4937006248e-02 6.2263474892e-03 1.0000000000e+00 0.0000000000e+00 7.7817163741e-03 3.6101997310e-03 1.0000000000e+00 0.0000000000e+00 1.5246480375e-02 6.3841908658e-03 9.9999072869e-01 8.4695063146e-06 1.4272862735e-02 5.6625754826e-03 9.9999119521e-01 8.9791546941e-06 9.8098609286e-01 3.3249518660e-05 9.7303504268e-01 1.1018402420e-04 1.1995334178e-02 1.0000000000e+00
0.400 0.080 4.1876644391e-03 3.5614084794e-03 9.9998150990e-01 1.3074474071e-05 1.0381999139e-03 1.0353669577e-03 1.0000000000e+00 0.0000000000e+00 4.2614885057e-03 3.4415526909e-03 9.9995480090e-01 4.1466598064e-05 4.1151008991e-03 3.2758273059e-03 9.9995261912e-01 5.0465501084e-05 9.8090755618e-01 9.2019873910e-05 9.7172286809e-01 1.4070889452e-04 2.5654211640e-04 1.0000000000e+00
0.400 0.090 3.6389173474e-03 2.8264240472e-03 9.9996764233e-01 2.4019342597e-05 8.2121469313e-04 8.4732911841e-04 1.0000000000e+00 0.0000000000e+00 3.8006114221e-03 3.0234191003e-03 9.9997267424e-01 1.3640160910e-05 3.5126477906e-03 2.5808763076e-03 9.9996815601e-01 3.9021053837e-05 9.8094124361e-01 5.7100875993e-05 9.7146208341e-01 5.9203296812e-05 3.7811696529e-07 1.0000000000e+00
0.400 0.100 5.1136621187e-03 3.0400364185e-03 9.9998613243e-01 1.5331179809e-05 2.0442706300e-03 1.4665649385e-03 1.0000000000e+00 0.0000000000e+00 5.1735344172e-03 3.1554121979e-03 9.9997697058e-01 1.2156601518e-05 4.5362327864e-03 2.7552477819e-03 9.9999075498e-01 9.6077015094e-06 9.8096086012e-01 5.8310666219e-05 9.7035916265e-01 1.8391494500e-04 1.1684373021e-04 1.0000000000e+00
0.400 0.200 3.9427500815e-04 1.6895883543e-04 9.9996764233e-01 1.5331179809e-05 5.4342672229e-07 3.6534058659e-07 1.0000000000e+00 0.0000000000e+00 4.0629118123e-04 4.0451162305e-05 9.9997418840e-01 7.8338415604e-07 2.1809650934e-04 8.1508565614e-05 9.9998751921e-01 3.5506219817e-06 9.8101423191e-01 3.5476894476e-06 9.6271995115e-01 1.7608615900e-04 3.1292438507e-07 1.0000000000e+00
0.400 0.300 6.1863901647e-04 2.9618267510e-04 9.9994452970e-01 1.8490098552e-05 1.0216608644e-06 6.1670363787e-07 1.0000000000e+00 0.0000000000e+00 8.2266179260e-04 3.4110662077e-05 9.9994491094e-01 8.2478510559e-07 3.0348192013e-04 6.7823974022e-05 9.9998305078e-01 2.3670798622e-06 9.8101520739e-01 2.3749326454e-06 9.5323793127e-01 3.9443338032e-05 4.0046870708e-06 1.0000000000e+00
0.400 0.400 8.7684064056e-04 3.2150736582e-04 9.9991679456e-01 2.0672558637e-05 4.0763989091e-06 2.2378987713e-06 1.0000000000e+00 0.0000000000e+00 1.5357749292e-03 9.9298468037e-05 9.9987446092e-01 8.6221681600e-07 5.4468994495e-04 4.6400052614e-05 9.9996232649e-01 3.0922525151e-06 9.8103370569e-01 2.4423767354e-05 9.3982749114e-01 2.3034075185e-04 1.2859702110e-05 1.0000000000e+00
0.400 0.500 3.0101088050e-03 1.0910624096e-03 9.9969029085e-01 9.9034286586e-05 1.0396287507e-05 3.2304819360e-06 1.0000000000e+00 0.0000000000e+00 3.3697558593e-03 9.2370129207e-05 9.9969832781e-01 4.9664912297e-06 7.6931144577e-04 8.2235289936e-05 9.9994397513e-01 1.5134764362e-06 9.8101558514e-01 8.1793370803e-07 9.2206169953e-01 1.7637206331e-04 4.3937138798e-06 1.0000000000e+00
0.400 0.600 6.5752272494e-03 3.8314342564e-04 9.9925115101e-01 6.2017675910e-05 3.7066172808e-05 6.8970971163e-06 1.0000000000e+00 0.0000000000e+00 8.1415525963e-03 1.4920463557e-04 9.9914102093e-01 7.1875654114e-06 1.3972071174e-03 2.1556350464e-04 9.9988058507e-01 6.3511679691e-06 9.8101693236e-01 1.9098523176e-06 8.9452788714e-01 2.6954997736e-04 2.5827437639e-05 1.0000000000e+00
# process with pid = 56837, launched at 2019-07-02 18:43:43.250789
# <j2> <train_ratio> <test_loss> <test_loss_err> <test_accuracy> <test_accuracy_err> <train_loss> <train_loss_err> <train_accuracy> <train_accuracy_err> <rest_loss> <rest_loss_err> <rest_accuracy> <rest_accuracy_err> <resampled_loss> <resampled_loss_err> <resampled_accuracy> <resampled_accuracy_err> <total_overlap> <total_overlap_err> <rest_overlap> <rest_overlap_err> <total_expr> <total_acc> 
0.400 0.00010 6.9483575225e-01 5.5075801366e-04 4.9905700497e-01 2.5869458493e-03 3.6198193207e-02 3.8193589056e-03 1.0000000000e+00 0.0000000000e+00 6.9487829786e-01 7.6037347815e-04 5.0002125242e-01 4.4663652832e-04 6.9630406797e-01 2.6415799462e-03 4.8611111111e-01 1.6010755987e-02 1.0486852623e-04 5.4550562503e-04 3.0036593952e-04 1.4885424668e-04 2.2666711360e-02 1.0000000000e+00
0.400 0.00030 6.9484883547e-01 8.9787528907e-04 4.9894144186e-01 2.1675402003e-03 2.2521591280e-02 4.3100261325e-03 1.0000000000e+00 0.0000000000e+00 6.9455380221e-01 6.4909509432e-04 5.0052361723e-01 9.5898037306e-04 6.9341702759e-01 4.2744734793e-04 5.0308261406e-01 1.2483635469e-02 6.9276092041e-04 6.0769180743e-04 1.0397872320e-03 5.1801957143e-04 2.3054694757e-02 1.0000000000e+00
0.400 0.00050 6.9428940117e-01 2.2306959421e-04 5.0039291459e-01 1.6305067004e-03 3.0805571005e-02 1.4177767948e-03 1.0000000000e+00 0.0000000000e+00 6.9439484201e-01 3.0007501574e-04 4.9980341880e-01 4.7704879360e-04 6.9447237253e-01 9.4091513058e-04 4.9704142012e-01 3.9831100644e-03 1.9721865917e-04 5.5795971452e-04 4.3367595362e-04 4.6914566381e-04 3.0796067789e-02 1.0000000000e+00
0.400 0.00070 6.9423466921e-01 2.1330403026e-04 5.0022188118e-01 3.6643531577e-04 4.1549563408e-02 6.5819867298e-03 1.0000000000e+00 0.0000000000e+00 6.9420629628e-01 1.0496665409e-04 4.9987273027e-01 9.5747726916e-04 6.9422417879e-01 4.4375871595e-04 4.9894347596e-01 4.0662451977e-03 6.8072003301e-04 5.0908465510e-04 4.1312985692e-04 4.2618170297e-04 4.7694779932e-02 1.0000000000e+00
0.400 0.00090 6.9416899979e-01 2.8279741200e-04 5.0006471534e-01 1.0712295684e-03 2.9739037156e-02 1.3848390301e-02 1.0000000000e+00 0.0000000000e+00 6.9428762961e-01 2.5337711848e-04 4.9970513209e-01 7.3935258399e-04 6.9493789971e-01 6.8757471462e-04 4.9332374692e-01 1.0040024682e-02 4.5140977891e-04 3.3683578852e-04 4.3340212598e-04 5.8651397978e-04 2.3855984211e-02 1.0000000000e+00
0.400 0.00110 6.9393280149e-01 1.0555558937e-04 5.0012018564e-01 8.6598036554e-04 4.2615849758e-02 2.7024337470e-02 1.0000000000e+00 0.0000000000e+00 6.9399275785e-01 1.4738202224e-04 4.9945603997e-01 5.3120707482e-04 6.9428442419e-01 8.2281092187e-04 4.9991596639e-01 1.0353200368e-02 2.2060484293e-04 3.4922194215e-04 2.5680441695e-04 2.9887642789e-04 1.4634785242e-02 1.0000000000e+00
0.400 0.00130 6.5425136685e-01 5.1913297531e-02 6.3160327645e-01 1.3203797177e-01 3.5224488238e-02 3.5483689608e-02 1.0000000000e+00 0.0000000000e+00 6.6183191390e-01 4.8316825706e-02 6.2966457576e-01 1.2950443267e-01 6.3795304298e-01 6.0018170474e-02 6.3883357041e-01 1.3922834354e-01 2.4791503255e-01 2.4739368469e-01 2.4764996882e-01 2.4698736617e-01 3.7181746215e-02 1.0000000000e+00
0.400 0.00150 5.5809009820e-01 1.4880255644e-01 7.2997060074e-01 1.4471209629e-01 1.0889061959e-02 5.9488459112e-03 1.0000000000e+00 0.0000000000e+00 5.6990842513e-01 1.4482877533e-01 7.2736253850e-01 1.4179623624e-01 5.4899070412e-01 1.4855471086e-01 7.3773422091e-01 1.4441444404e-01 4.2126181394e-01 2.6247817127e-01 4.1388945014e-01 2.5822305098e-01 9.8713502288e-02 1.0000000000e+00
0.400 0.00170 5.7622105628e-01 1.0429240043e-01 7.2985041510e-01 1.4235104694e-01 3.1811589026e-02 4.6908002961e-02 1.0000000000e+00 0.0000000000e+00 5.8642176455e-01 1.0069736105e-01 7.2796373622e-01 1.3962761425e-01 5.4261435568e-01 1.2089905809e-01 7.4135305634e-01 1.4019004668e-01 4.1057331059e-01 2.5206420711e-01 3.9726101964e-01 2.4435487028e-01 4.8110608011e-02 1.0000000000e+00
0.400 0.00190 2.4244170077e-01 1.2399194328e-01 9.2287779894e-01 3.6953924898e-02 7.8463885438e-04 4.1818530332e-04 1.0000000000e+00 0.0000000000e+00 2.5679901986e-01 1.3154171840e-01 9.1867381095e-01 3.9481573404e-02 2.0864969771e-01 1.1081776289e-01 9.3236667964e-01 3.2223028795e-02 7.8955022109e-01 9.1759903082e-02 7.7410668212e-01 9.8003464353e-02 7.5432989979e-04 1.0000000000e+00
0.400 0.00210 1.1267301440e-01 1.8935000272e-02 9.6435571252e-01 7.9999583457e-03 3.5500606373e-04 2.2699143303e-04 1.0000000000e+00 0.0000000000e+00 1.1675906238e-01 2.0211646107e-02 9.6340227048e-01 8.3620082885e-03 9.3388065696e-02 2.4514834846e-02 9.6997710865e-01 8.5800803449e-03 8.8554883684e-01 2.8320515951e-02 8.7607157964e-01 2.7367172819e-02 5.5363834690e-05 1.0000000000e+00
0.400 0.00230 3.5476917401e-02 2.0307780516e-02 9.8882735795e-01 5.4564963002e-03 3.8345026041e-05 2.6255186700e-05 1.0000000000e+00 0.0000000000e+00 3.9894238096e-02 2.3654083353e-02 9.8755023986e-01 6.2200212415e-03 3.2138865907e-02 1.4490748613e-02 9.8991157556e-01 4.6448486806e-03 9.3938161568e-01 1.5778562875e-02 9.3189448075e-01 1.8351641951e-02 2.7168907225e-02 1.0000000000e+00
0.400 0.00250 6.4659191776e-03 6.9209488354e-03 9.9781816837e-01 2.4352589952e-03 1.5940982848e-05 1.4127905752e-05 1.0000000000e+00 0.0000000000e+00 7.3950822217e-03 7.9773178090e-03 9.9750628739e-01 2.8525380391e-03 5.6513242598e-03 7.2621195423e-03 9.9803994083e-01 2.6345796688e-03 9.7105499590e-01 1.0404456122e-02 9.6749028091e-01 1.1210929265e-02 3.1623337418e-04 1.0000000000e+00
0.400 0.00270 4.2366205562e-03 4.8220245932e-03 9.9868258048e-01 1.4231596556e-03 5.2452090848e-07 8.5432405953e-07 1.0000000000e+00 0.0000000000e+00 4.5096392575e-03 4.9104902282e-03 9.9860161511e-01 1.5502227790e-03 4.2568483150e-03 5.3165175062e-03 9.9859608273e-01 1.7550427378e-03 9.7639651040e-01 3.7557110824e-03 9.7250694277e-01 4.6782193416e-03 8.6784366431e-06 1.0000000000e+00
0.400 0.00290 3.1796478725e-03 2.5013327956e-03 9.9901540225e-01 8.1517799319e-04 2.1070351863e-06 1.4471908677e-06 1.0000000000e+00 0.0000000000e+00 3.5425116857e-03 2.7842445337e-03 9.9887587068e-01 9.3323682322e-04 3.3699652558e-03 2.3893614118e-03 9.9888421321e-01 7.3461608147e-04 9.7747841979e-01 2.9043159588e-03 9.7425484963e-01 3.4501787795e-03 1.2069940567e-06 1.0000000000e+00
0.400 0.00310 9.9681621941e-04 3.9818687949e-04 9.9983821164e-01 1.8827923612e-04 6.0491729528e-05 1.0404817869e-04 1.0000000000e+00 0.0000000000e+00 8.3084974679e-04 5.8560948696e-04 9.9986407731e-01 1.6301205849e-04 5.5479043840e-04 5.7354338790e-04 9.9994035548e-01 5.9644518669e-05 9.8009914431e-01 7.2468764032e-04 9.7702219200e-01 8.6090250020e-04 1.8998980522e-07 1.0000000000e+00
0.400 0.00330 2.8110303174e-04 2.1329195527e-04 9.9998150990e-01 2.2645653373e-05 1.3058073819e-05 2.0639110557e-05 1.0000000000e+00 0.0000000000e+00 3.0951902638e-04 2.4835833110e-04 9.9997069480e-01 1.5494504108e-05 1.8855744474e-04 2.3067427228e-04 1.0000000000e+00 0.0000000000e+00 9.8090422970e-01 7.9380435532e-05 9.7825143244e-01 8.5626402813e-05 1.6950070858e-06 1.0000000000e+00
0.400 0.00350 2.1213510354e-04 1.6493221829e-04 9.9999075495e-01 9.2450492761e-06 5.3341500461e-06 7.6850949296e-06 1.0000000000e+00 0.0000000000e+00 2.1123714085e-04 1.7172119228e-04 9.9998961599e-01 6.5187020881e-06 1.3112980969e-04 1.6889485155e-04 1.0000000000e+00 0.0000000000e+00 9.8096789413e-01 4.7193484322e-05 9.7812565254e-01 6.9446537227e-05 1.8626451492e-09 1.0000000000e+00
0.400 0.00370 3.0445200900e-04 8.7333056519e-05 9.9998613243e-01 1.5331179809e-05 1.2182054206e-05 8.0686902728e-06 1.0000000000e+00 0.0000000000e+00 2.8066006844e-04 1.3006655767e-04 9.9998905627e-01 2.9540712954e-06 1.7437247737e-04 1.2945704082e-04 1.0000000000e+00 0.0000000000e+00 9.8092144974e-01 6.7929135608e-05 9.7814504128e-01 3.5811180070e-05 4.9500240493e-06 1.0000000000e+00
0.400 0.00390 2.1925563942e-04 1.7188078298e-04 9.9999075495e-01 9.2450492761e-06 1.9503990188e-05 2.8973156980e-05 1.0000000000e+00 0.0000000000e+00 2.3261516088e-04 1.7920493035e-04 9.9999340361e-01 1.3783035144e-06 1.4557115651e-04 1.7708974160e-04 1.0000000000e+00 0.0000000000e+00 9.8097269145e-01 8.0786725094e-06 9.7798031500e-01 3.5305038332e-05 0.0000000000e+00 1.0000000000e+00
0.400 0.00410 8.2599754387e-04 8.5760228312e-04 1.0000000000e+00 0.0000000000e+00 2.8978660703e-04 4.2734360462e-04 1.0000000000e+00 0.0000000000e+00 9.2617174751e-04 8.5212766002e-04 9.9998478383e-01 1.4761891667e-05 7.7227383008e-04 7.7939291517e-04 9.9997745107e-01 3.9055894461e-05 9.8085314663e-01 2.3724973895e-04 9.7784713665e-01 2.7338647077e-04 1.7406418920e-05 1.0000000000e+00
0.400 0.00430 3.1169570229e-04 3.8712797710e-04 9.9999537748e-01 8.0064475324e-06 5.4563861340e-05 9.4440717148e-05 1.0000000000e+00 0.0000000000e+00 3.2312792768e-04 4.0230312835e-04 9.9998955959e-01 6.6034907928e-06 2.2439059450e-04 3.7578194489e-04 1.0000000000e+00 0.0000000000e+00 9.8098675562e-01 2.7087287849e-05 9.7808002015e-01 7.9947662596e-05 0.0000000000e+00 1.0000000000e+00
0.400 0.00450 1.1618054778e-03 1.2655677936e-03 9.9998150990e-01 1.3074474071e-05 1.8268823146e-04 2.9796776552e-04 1.0000000000e+00 0.0000000000e+00 1.1866659361e-03 1.3638414942e-03 9.9998598804e-01 1.0708584366e-05 9.2003842610e-04 1.0944374279e-03 1.0000000000e+00 0.0000000000e+00 9.8097173968e-01 4.2303993767e-05 9.7816770937e-01 8.6051291250e-05 0.0000000000e+00 1.0000000000e+00
0.400 0.00470 2.4178273270e-04 9.6582927429e-05 9.9999075495e-01 9.2450492761e-06 8.4068038859e-06 6.9778401149e-06 1.0000000000e+00 0.0000000000e+00 2.1341729251e-04 1.0347323788e-04 9.9998930314e-01 5.0322283726e-06 1.0940465177e-04 7.1908000725e-05 1.0000000000e+00 0.0000000000e+00 9.8096323435e-01 3.0616496770e-05 9.7799670777e-01 7.6419281558e-05 0.0000000000e+00 1.0000000000e+00
0.400 0.00490 8.5817349463e-04 7.6048596177e-04 9.9999075495e-01 9.2450492761e-06 1.6282802926e-04 2.2590619908e-04 1.0000000000e+00 0.0000000000e+00 8.4824706582e-04 8.4563197236e-04 9.9999069555e-01 3.6385017656e-06 7.7913120867e-04 9.4300774229e-04 9.9998113208e-01 3.2680203916e-05 9.8088271115e-01 7.8040226869e-05 9.7820386908e-01 1.9652135915e-05 0.0000000000e+00 1.0000000000e+00
0.400 0.00510 7.9855755939e-04 1.0837606724e-03 9.9998613243e-01 1.5331179809e-05 1.9003287889e-04 3.2914660135e-04 1.0000000000e+00 0.0000000000e+00 8.5589486723e-04 1.1434333676e-03 9.9996495046e-01 2.3242752574e-05 6.3004566778e-04 9.3862921397e-04 9.9996374447e-01 6.2796418228e-05 9.8081091133e-01 1.2541825086e-04 9.7770996121e-01 1.3304494863e-04 0.0000000000e+00 1.0000000000e+00
0.400 0.00530 1.0516334041e-03 6.2860536621e-04 9.9998613243e-01 1.5331179809e-05 2.9643811285e-04 2.0596543547e-04 1.0000000000e+00 0.0000000000e+00 1.0850006589e-03 7.1772519435e-04 9.9997882681e-01 1.5694954515e-05 8.5219652487e-04 5.8153476063e-04 1.0000000000e+00 0.0000000000e+00 9.8087419158e-01 1.1716822248e-04 9.7758405221e-01 2.1490634689e-04 5.7007558644e-04 1.0000000000e+00
0.400 0.00550 8.0143570813e-04 7.7749659137e-04 9.9998613243e-01 8.0064475324e-06 6.9098474341e-05 1.1968206828e-04 1.0000000000e+00 0.0000000000e+00 6.3213762684e-04 9.1675814515e-04 9.9998584907e-01 1.1967065023e-05 4.0186644382e-04 6.6610155382e-04 1.0000000000e+00 0.0000000000e+00 9.8096087405e-01 5.7804765995e-05 9.7802219016e-01 7.6124662164e-05 0.0000000000e+00 1.0000000000e+00
0.400 0.00570 7.1157771890e-04 6.0231158228e-04 9.9998613243e-01 1.5331179809e-05 1.3755168766e-04 1.6085815756e-04 1.0000000000e+00 0.0000000000e+00 7.6449326601e-04 6.8191864966e-04 9.9999124239e-01 2.7998853664e-06 5.5732281726e-04 5.5991505349e-04 1.0000000000e+00 0.0000000000e+00 9.8094843631e-01 9.1084285588e-05 9.7813710989e-01 9.2573115740e-05 1.2203565566e-03 1.0000000000e+00
0.400 0.00590 3.7696583968e-04 1.4753427684e-04 9.9997688738e-01 8.0064475323e-06 4.5872293413e-05 4.3541371665e-05 1.0000000000e+00 0.0000000000e+00 4.0223556946e-04 2.1709462963e-04 9.9998685470e-01 1.0013953105e-05 3.4027666698e-04 1.8635791751e-04 9.9996866186e-01 3.1338138515e-05 9.8085729457e-01 1.5300422294e-04 9.7777043019e-01 1.3763797749e-04 9.9435448647e-05 1.0000000000e+00

0.600 0.002 6.9386573633e-01 2.1493699557e-04 4.9873959162e-01 1.4027583131e-04 3.0111962557e-01 2.5712941496e-02 9.0625000000e-01 2.5515518154e-02 6.9372724859e-01 1.5961420064e-04 4.9951607393e-01 4.3190689010e-04 6.9392204285e-01 2.3569586408e-04 5.0012327416e-01 1.2203519399e-02 -5.6976309655e-04 1.0808651596e-03 3.8459321259e-04 5.9387627796e-04 2.4761366844e-01 9.6875000000e-01
0.600 0.004 6.9405593475e-01 6.2401866008e-05 4.9647763623e-01 2.8763842956e-04 3.2619659106e-01 4.7580797610e-02 8.8020833333e-01 4.1010457677e-02 6.9381223255e-01 1.1929708350e-04 4.9997466937e-01 4.7165767914e-04 6.9377678633e-01 3.3895291123e-05 4.9998459215e-01 3.6242187737e-03 3.7155029148e-04 3.8256564617e-04 3.1965159678e-04 3.4251770220e-04 3.3498090506e-01 8.5937500000e-01
0.600 0.006 6.1393451691e-01 2.0029081159e-02 7.1344045264e-01 4.5993415537e-03 1.6888443629e-01 1.6246068716e-02 9.5833333333e-01 9.7438994447e-03 6.6574024857e-01 1.6542134314e-02 6.8839863507e-01 1.3404209074e-03 4.6441259980e-01 1.6280750639e-02 7.8980996405e-01 7.4155422761e-03 2.7538419061e-01 7.2564886349e-03 1.8389717817e-01 3.5541801430e-03 1.4616055787e-01 9.6875000000e-01
0.600 0.008 5.3546309471e-01 4.7782862493e-02 7.5459941201e-01 2.8902210510e-02 7.5443585714e-04 2.5043896814e-04 1.0000000000e+00 0.0000000000e+00 5.8721864085e-01 4.7824835544e-02 7.2976068612e-01 2.8755802865e-02 3.9072357615e-01 4.8242748651e-02 8.2947348958e-01 2.5674939336e-02 3.3268527375e-01 3.3648836147e-02 2.2636532944e-01 2.7668762638e-02 8.4042549133e-04 1.0000000000e+00
0.600 0.010 4.9192187190e-01 2.7585168016e-02 7.8317894101e-01 1.3662880316e-02 1.1324614286e-01 1.6747216878e-02 9.6997549020e-01 8.6655242792e-04 5.4750617253e-01 2.3813956737e-02 7.5891642555e-01 1.1988585035e-02 3.4377041459e-01 2.4540016389e-02 8.5528683776e-01 1.1243083025e-02 3.7255279504e-01 1.7340951009e-02 2.5706202597e-01 1.0481438103e-02 1.9963100553e-01 9.3750000000e-01
0.600 0.020 3.8052419821e-01 1.9136371364e-02 8.3847666241e-01 8.8388645131e-03 7.7638402581e-02 9.3213015674e-03 9.8744558458e-01 1.2639385128e-02 4.2036971512e-01 2.0286768922e-02 8.1996646660e-01 1.0169440110e-02 2.4174020688e-01 1.6029992128e-02 9.0127520046e-01 7.2589017432e-03 4.8254707565e-01 1.2257366957e-02 3.4082268123e-01 1.2523611883e-02 7.6790809631e-02 9.7014925373e-01
0.600 0.030 3.0693495274e-01 1.0070708286e-02 8.6881275077e-01 5.3742503343e-03 5.1460046321e-02 8.7787813799e-03 9.9479166667e-01 7.3656956374e-03 3.4172359650e-01 1.1613406970e-02 8.5317766729e-01 6.9726921561e-03 1.9209102293e-01 7.4171574938e-03 9.2116281459e-01 4.1495796850e-03 5.3981326297e-01 8.4390082123e-03 3.8953399378e-01 7.1197409095e-03 4.1388325393e-02 1.0000000000e+00
0.600 0.040 3.0846398075e-01 2.5972739245e-02 8.6844294880e-01 1.3762157705e-02 5.3807099660e-03 1.3395184519e-03 1.0000000000e+00 0.0000000000e+00 3.3467659274e-01 2.4344963183e-02 8.5723544713e-01 1.2884342977e-02 1.9310196241e-01 1.9370635054e-02 9.2113664799e-01 9.1973212639e-03 5.6142870365e-01 1.1232304506e-02 3.9501085395e-01 1.3493451181e-02 2.3346941452e-03 1.0000000000e+00
0.600 0.050 3.1672086318e-01 2.5609372396e-02 8.6110854304e-01 1.2985055587e-02 3.8187906456e-02 2.4159713723e-02 9.9166666667e-01 1.1785113020e-02 3.4044698321e-01 2.7907955961e-02 8.5031476469e-01 1.3900427967e-02 2.0128385226e-01 2.1800176165e-02 9.1486203972e-01 9.6673664541e-03 5.6154227194e-01 1.4314999917e-02 3.8774584294e-01 1.9208907460e-02 6.8994544446e-02 9.7500000000e-01
0.600 0.060 2.9925769567e-01 1.0536016752e-02 8.6972492897e-01 7.1273087672e-03 5.4784987122e-02 1.0828986508e-02 9.8958333333e-01 7.3656956374e-03 3.1896774427e-01 1.2840883212e-02 8.6159983198e-01 8.0857927242e-03 1.8742577235e-01 1.1614581038e-02 9.2170881382e-01 6.7307953386e-03 5.8317318610e-01 1.0246856555e-02 3.9994346092e-01 1.0834945603e-02 6.2073893845e-02 9.9218750000e-01
0.600 0.070 3.0539551377e-01 1.2190754815e-02 8.6732121616e-01 7.7036998520e-03 6.0095397135e-02 6.1661101335e-03 9.8697916667e-01 3.6828478187e-03 3.2229586451e-01 1.1071270940e-02 8.5988261986e-01 6.9455714190e-03 1.9056288401e-01 9.0052815886e-03 9.2112320889e-01 5.5234962489e-03 6.0148355870e-01 1.0000708945e-02 4.0225651006e-01 1.0830886350e-02 6.8745791912e-02 9.8437500000e-01
0.600 0.080 3.3686024944e-01 4.1872131207e-03 8.4550906323e-01 3.1008409188e-03 2.3339328046e-02 1.9588262226e-03 1.0000000000e+00 0.0000000000e+00 3.5333365056e-01 4.0339994913e-03 8.3636087693e-01 2.4296921295e-03 2.1737752855e-01 3.7192859246e-03 9.0505026225e-01 1.6414512019e-03 5.7551695645e-01 6.8912713521e-03 3.6610846078e-01 3.8831293372e-03 2.4079894647e-02 1.0000000000e+00
0.600 0.090 3.3763642609e-01 7.8268066848e-03 8.4586653847e-01 3.6013709434e-03 7.3688199744e-02 6.3562629781e-03 9.8717730978e-01 9.3344684199e-03 3.5231381609e-01 8.1557468769e-03 8.3911709325e-01 5.1159357002e-03 2.1697910130e-01 7.2795743755e-03 9.0611363580e-01 3.7998644843e-03 5.8920479302e-01 5.9561506387e-03 3.7743860734e-01 3.8996903032e-03 8.1027932465e-02 9.7826086957e-01
0.600 0.100 3.1711690873e-01 6.6467388012e-03 8.5801915574e-01 4.3514901163e-03 6.7218370736e-02 1.0296779686e-02 9.8437500000e-01 9.5683193077e-03 3.3195659398e-01 9.6952834028e-03 8.5020376387e-01 6.1193589079e-03 2.0227197185e-01 9.8511038605e-03 9.1386881693e-01 5.4111852014e-03 6.1694115595e-01 9.3517519377e-03 3.9890477798e-01 7.5307636565e-03 7.3053896427e-02 9.7656250000e-01
0.600 0.200 3.7301923335e-01 1.4581045727e-02 8.2687720726e-01 7.1224450037e-03 8.0008397810e-02 1.6344541445e-02 9.9023437500e-01 6.4777827937e-03 3.8254305510e-01 1.2460978519e-02 8.2195691468e-01 7.2953171096e-03 2.3954022676e-01 1.1642004864e-02 8.9492789799e-01 6.3046204477e-03 6.5585291125e-01 7.2046397500e-03 3.7718430396e-01 9.0507271515e-03 1.0645785928e-01 1.0000000000e+00
0.600 0.300 4.2362932116e-01 1.3400166675e-02 7.9299872418e-01 8.9684638175e-03 1.2187634408e-01 5.6304349300e-03 9.7070312500e-01 6.4777827937e-03 4.3524257491e-01 1.2644158991e-02 7.8769541620e-01 8.6033756485e-03 2.7780164033e-01 9.4376891300e-03 8.7263096196e-01 5.4313029862e-03 6.6784411535e-01 6.5111043531e-03 3.3803835526e-01 1.3439170462e-02 1.7378112674e-01 9.1406250000e-01
0.600 0.400 4.8621109873e-01 3.4273867650e-02 7.4984745669e-01 2.9598027784e-02 1.5726935118e-01 3.7173199472e-02 9.4921875000e-01 2.8437929255e-02 4.9375665278e-01 3.4744957109e-02 7.4711252157e-01 2.9772459005e-02 3.2380138338e-01 4.0118008238e-02 8.4473615603e-01 2.6967367202e-02 6.6081038635e-01 4.9260309611e-02 3.0201171600e-01 4.6021579703e-02 1.7435149848e-01 9.3750000000e-01
0.600 0.500 5.4626415670e-01 9.0506951933e-03 7.0506906052e-01 8.2049213348e-03 1.7328872159e-01 3.0691496800e-02 9.4642857143e-01 3.0929478707e-02 5.5173090770e-01 1.0040982970e-02 7.0105695704e-01 9.3970101981e-03 3.8571660221e-01 1.2842139953e-02 8.0577322462e-01 9.8702459588e-03 6.3234556382e-01 1.6909732614e-02 2.4918384184e-01 1.0910231127e-02 6.8386411667e-01 6.2500000000e-01
0.600 0.600 5.6916646659e-01 1.7330515235e-02 6.9380859050e-01 1.9779982777e-02 2.3625901714e-01 2.6780176058e-02 9.0820312500e-01 1.1554843326e-02 5.7695587609e-01 1.6317513930e-02 6.8949280612e-01 1.9012567710e-02 3.9321558177e-01 2.5445734414e-02 8.0401761116e-01 1.9348377693e-02 6.4715915835e-01 3.8475854059e-02 2.4422017734e-01 2.5068381897e-02 2.7573996782e-01 8.7500000000e-01
# process with pid = 38295, launched at 2019-07-03 17:55:21.040997
# <j2> <train_ratio> <test_loss> <test_loss_err> <test_accuracy> <test_accuracy_err> <train_loss> <train_loss_err> <train_accuracy> <train_accuracy_err> <rest_loss> <rest_loss_err> <rest_accuracy> <rest_accuracy_err> <resampled_loss> <resampled_loss_err> <resampled_accuracy> <resampled_accuracy_err> <total_overlap> <total_overlap_err> <rest_overlap> <rest_overlap_err> <total_expr> <total_acc> 
1.000 0.00100 6.9430531561e-01 3.5932814805e-04 4.9930662130e-01 1.5279244579e-03 3.8650969975e-02 8.1864667295e-03 1.0000000000e+00 0.0000000000e+00 6.9412207725e-01 1.8367991891e-04 5.0124930022e-01 6.5826119836e-04 6.9447731972e-01 6.9756465158e-04 4.9630177515e-01 3.9572734022e-03 8.2207081673e-04 4.7716486565e-04 6.8466043493e-04 3.2910924263e-04 4.0025483817e-02 1.0000000000e+00
1.000 0.00200 6.9432739913e-01 4.4721659179e-04 4.9841909657e-01 1.8450302013e-03 1.1692539603e-01 1.5378078781e-02 9.9023437500e-01 1.2807497118e-02 6.9422690688e-01 2.2623474617e-04 4.9956053985e-01 5.9891462546e-04 6.9362694025e-01 4.7197164439e-04 5.0633321006e-01 1.9672635753e-03 4.7373278394e-04 6.0995923394e-04 5.1303874032e-04 3.6059567227e-04 1.1238324642e-01 1.0000000000e+00
1.000 0.00300 6.9412547350e-01 2.0301110573e-04 4.9801231441e-01 1.2470197319e-03 2.0267392695e-01 1.3069900825e-02 9.5247395833e-01 1.4308112614e-02 6.9397168774e-01 1.6520973395e-04 4.9981873368e-01 1.2938128127e-03 6.9353336096e-01 4.2835333823e-04 5.0613288955e-01 4.3114025589e-03 2.8705352738e-04 2.7444810693e-04 2.3507729282e-04 2.0583546838e-04 1.8459501863e-01 9.6875000000e-01
1.000 0.00030 6.9493710995e-01 7.7501629558e-04 5.0011094059e-01 1.5511032786e-03 1.0397373466e-02 1.8866726211e-03 1.0000000000e+00 0.0000000000e+00 6.9497418954e-01 8.3366616840e-04 4.9891756451e-01 4.7140647651e-04 6.9377321005e-01 2.1906703729e-03 5.1479654747e-01 1.7535712273e-02 1.4763149127e-03 8.0149206444e-04 2.1427283949e-03 4.2726652856e-04 1.0142675601e-02 1.0000000000e+00
1.000 0.00000 6.9549065828e-01 1.2663077497e-03 4.9965793318e-01 1.2479104359e-03 1.1982768774e-03 7.6617167357e-05 1.0000000000e+00 0.0000000000e+00 6.9553770554e-01 1.2703391539e-03 5.0000611132e-01 1.5930667522e-03 7.0551593602e-01 2.2727309168e-02 5.0000000000e-01 2.9315098499e-01 1.8679335120e-03 7.7592772097e-04 2.5723149136e-03 8.4610740586e-04 1.0436177254e-03 1.0000000000e+00
1.000 0.00000 6.9737018645e-01 3.9803935905e-03 4.9945916462e-01 8.4776396130e-04 8.2838535309e-04 8.2521505966e-05 1.0000000000e+00 0.0000000000e+00 6.9710463703e-01 3.7968130027e-03 5.0105835598e-01 1.5959387954e-03 6.5548443794e-01 5.7570783373e-02 5.0000000000e-01 5.0000000000e-01 2.1405915703e-03 7.0414336996e-04 2.8996736836e-03 6.4316582689e-04 2.7370452881e-04 1.0000000000e+00
1.000 0.00900 6.9382059574e-01 1.6851576606e-04 4.9732818076e-01 2.1249540125e-03 2.7171322331e-01 4.4744493205e-02 9.1176470588e-01 6.5766705221e-02 6.9380951872e-01 1.6180104030e-04 4.9910139829e-01 1.1418171795e-03 6.9362843037e-01 2.5503995542e-04 5.0103751490e-01 2.0207976956e-03 7.8311019026e-04 4.5994712082e-04 6.1587550821e-04 2.1206910841e-04 3.1158238649e-01 8.8235294118e-01
1.000 0.01000 6.9384522736e-01 1.3912107388e-04 4.9663942459e-01 1.6880951138e-03 3.6170614511e-01 2.4337754332e-02 8.9705882353e-01 3.2883352610e-02 6.9373257216e-01 7.3215510872e-05 4.9853880446e-01 6.6844938541e-04 6.9363084435e-01 9.7006943917e-05 4.9914022631e-01 2.2660892202e-03 2.4454872567e-05 2.1679637459e-04 1.0727327459e-04 2.8265507907e-04 3.7583759427e-01 9.1176470588e-01
1.000 0.02000 6.9366101921e-01 6.2318977472e-05 4.9707394190e-01 1.1847648780e-03 4.3126054108e-01 4.3429059345e-02 8.1445312500e-01 3.3772688410e-02 6.9365920078e-01 4.9613714010e-05 4.9830692843e-01 6.4877645470e-04 6.9335965812e-01 1.0442196539e-04 5.0149307546e-01 1.0886707966e-03 1.1848373430e-03 5.7236125522e-04 4.6161629638e-04 4.2282893306e-04 4.8036241531e-01 8.2812500000e-01
1.000 0.04000 5.3314335644e-01 2.8124370966e-02 7.3982120075e-01 1.4983817178e-02 1.8531531328e-02 6.3741815991e-03 1.0000000000e+00 0.0000000000e+00 5.7403578420e-01 2.2117443480e-02 7.1892683054e-01 1.3270607268e-02 3.5163234919e-01 2.3468148383e-02 8.3755061664e-01 1.1810373147e-02 2.6405378306e-01 1.5176968281e-02 1.1935998432e-01 1.1225633595e-02 6.5214186907e-02 1.0000000000e+00
1.000 0.06000 4.8987478018e-01 3.9184967941e-03 7.6293844646e-01 5.0461203262e-03 1.2890287861e-01 1.0354093726e-02 9.6289062500e-01 8.5134744991e-03 5.1660755127e-01 4.6607619569e-03 7.4680792462e-01 4.9936165990e-03 3.0712538958e-01 6.0172391656e-03 8.5787893916e-01 4.5684930663e-03 3.2749055267e-01 6.7309865330e-03 1.4824156408e-01 4.7251282616e-03 1.2654569745e-01 9.6093750000e-01
# process with pid = 22197, launched at 2019-07-05 18:26:35.712775
# <j2> <train_ratio> <test_loss> <test_loss_err> <test_accuracy> <test_accuracy_err> <train_loss> <train_loss_err> <train_accuracy> <train_accuracy_err> <rest_loss> <rest_loss_err> <rest_accuracy> <rest_accuracy_err> <resampled_loss> <resampled_loss_err> <resampled_accuracy> <resampled_accuracy_err> <total_overlap> <total_overlap_err> <rest_overlap> <rest_overlap_err> <total_expr> <total_acc> 
0.600 0.0041 6.9395647446e-01 1.1933674886e-04 4.9673033424e-01 1.2218708299e-03 4.4038273891e-01 2.0646035322e-02 8.3593750000e-01 1.6876928902e-02 6.9370186022e-01 4.1566921665e-05 4.9961949847e-01 4.5037022359e-04 6.9347530603e-01 2.5547446798e-04 5.0172875139e-01 2.9516044656e-03 -6.3517974157e-04 9.6150405090e-04 -2.2680805005e-04 6.2411679928e-04 4.2323011160e-01 8.4375000000e-01
0.600 0.0043 6.9400133689e-01 1.4237880271e-04 4.9851771043e-01 8.3544877633e-04 4.2329272628e-01 2.3784608947e-02 8.5156250000e-01 1.9136638615e-02 6.9402982560e-01 2.5382721243e-04 4.9904514166e-01 8.1210619105e-04 6.9365721941e-01 2.9519150028e-04 5.0166265337e-01 3.8984246893e-03 5.8548607767e-04 1.0695284561e-03 5.2635988483e-04 6.3549824569e-04 4.4718617201e-01 8.5156250000e-01
0.600 0.0045 6.9377545516e-01 7.0023600497e-05 4.9865946785e-01 1.5014597600e-03 2.9814213514e-01 8.5870979071e-03 9.6296296296e-01 5.2378280088e-02 6.9379165268e-01 1.5476414497e-04 4.9964148424e-01 1.0943173849e-03 6.9368590911e-01 3.0762487201e-04 4.9795929548e-01 5.9107102117e-03 6.3054832159e-04 1.3784411863e-03 6.0207857237e-04 4.7981715536e-04 2.8602409363e-01 1.0000000000e+00
0.600 0.0047 6.9381930431e-01 1.0189305889e-04 4.9974422030e-01 3.4298122185e-03 4.0225045880e-01 1.5639002174e-02 8.8596491228e-01 3.2821556024e-02 6.9394255095e-01 2.1678628050e-04 4.9953141723e-01 1.5063069192e-03 6.9385608037e-01 3.1569983460e-04 4.9837398374e-01 1.5233711756e-03 3.9541589987e-04 5.0471844677e-04 -1.4047099274e-05 2.9040638300e-04 4.0049308538e-01 8.1578947368e-01
0.600 0.0049 6.9377644857e-01 3.3240292994e-04 4.9845607677e-01 3.2687579759e-03 3.9888290564e-01 3.3669498764e-03 8.8802083333e-01 3.6828478187e-03 6.9380851552e-01 2.4110669950e-04 4.9923757785e-01 1.2442197810e-03 6.9366051753e-01 2.7767530442e-04 5.0294339623e-01 3.2025858782e-03 -6.7140294877e-05 9.3667951731e-04 -1.4945970301e-04 4.3788221295e-04 4.0315324068e-01 8.8281250000e-01
0.600 0.0051 6.9385629892e-01 1.3658734363e-04 4.9864714112e-01 1.3430765466e-03 4.0848684311e-01 1.3926177466e-02 8.6458333333e-01 2.6557393300e-02 6.9387537745e-01 2.4416379195e-04 4.9904005063e-01 2.1183615710e-03 6.9364358981e-01 1.2575851525e-04 5.0114809175e-01 2.6847593885e-03 6.9731414790e-04 5.5577488206e-04 2.9950040592e-04 2.8351724891e-04 4.7717684507e-01 8.2031250000e-01
0.600 0.0053 6.8633621931e-01 1.0394580581e-02 5.4876763493e-01 6.9739555174e-02 4.0995552142e-01 7.2334643032e-02 8.5416666667e-01 4.5255591659e-02 6.9831436240e-01 6.1633703431e-03 5.4148798869e-01 6.2033527120e-02 6.5026974678e-01 6.1526283454e-02 5.7421620616e-01 1.0569772557e-01 7.0492881738e-02 9.9699131301e-02 4.6453652322e-02 6.5888186262e-02 4.6047782898e-01 8.2812500000e-01
0.600 0.0055 6.7340691884e-01 2.9419979787e-02 5.5646567930e-01 8.3254235278e-02 3.2992708683e-01 7.1484643262e-02 9.4666666667e-01 4.9888765157e-02 6.8346993637e-01 1.4972593996e-02 5.5274689814e-01 7.5295243007e-02 6.3616357247e-01 8.2088067021e-02 5.8029090746e-01 1.1535685118e-01 7.8867356616e-02 1.0914147213e-01 5.3532091352e-02 7.4958199636e-02 4.1150066257e-01 8.8000000000e-01
0.600 0.0057 6.8141092857e-01 9.6041234114e-03 5.9439503479e-01 6.4153462822e-02 3.5199289521e-01 4.4962821615e-02 8.8387345679e-01 1.1482890559e-02 6.9924622815e-01 7.0694554234e-03 5.8228055534e-01 5.9530511763e-02 6.1322593689e-01 5.7847387244e-02 6.3833744215e-01 9.9029194808e-02 1.2541622600e-01 8.7014902190e-02 7.6242116570e-02 5.3868715533e-02 4.5938873291e-01 8.3593750000e-01
0.600 0.0059 6.7321548859e-01 2.9562427554e-02 5.5491867438e-01 8.2882915809e-02 3.8521257043e-01 6.2439176406e-02 8.5416666667e-01 2.5779934731e-02 6.8410388887e-01 1.3668501849e-02 5.5172142055e-01 7.0874712784e-02 6.3973426819e-01 7.6123961371e-02 5.8123890108e-01 1.0820185463e-01 7.8358439378e-02 1.0979928457e-01 5.2016393711e-02 7.2291534523e-02 4.4100779295e-01 8.3593750000e-01
