# process with pid = 57735, launched at 2019-06-30 21:08:44.365460
# <j2> <train_ratio> <test_loss> <test_loss_err> <test_accuracy> <test_accuracy_err> <train_loss> <train_loss_err> <train_accuracy> <train_accuracy_err> <rest_loss> <rest_loss_err> <rest_accuracy> <rest_accuracy_err> <resampled_loss> <resampled_loss_err> <resampled_accuracy> <resampled_accuracy_err> <total_overlap> <total_overlap_err> <rest_overlap> <rest_overlap_err> <total_expr> <total_acc> 
0.000 0.010 5.9956164099e-02 1.0607839033e-02 9.8873952998e-01 2.9668110731e-03 2.2994530853e-02 1.7632035737e-03 1.0000000000e+00 0.0000000000e+00 6.0181418726e-02 1.0137269048e-02 9.8868493700e-01 2.8290957266e-03 6.0177402571e-02 1.1604310530e-02 9.8947008357e-01 2.9445046353e-03 9.7558632450e-01 1.5535894801e-03 9.7191986620e-01 3.6488191657e-03 2.3573918268e-02 1.0000000000e+00
0.100 0.010 5.0564091653e-02 7.0737030190e-03 9.9097683191e-01 3.2445513277e-03 2.0002890378e-02 3.1671592480e-03 1.0000000000e+00 0.0000000000e+00 5.1119197342e-02 7.4250559508e-03 9.9076708539e-01 3.0171893546e-03 5.0645137206e-02 2.5113838138e-03 9.9170734413e-01 1.5466048727e-03 9.7757240500e-01 6.5649018801e-03 9.7506152801e-01 6.7191000537e-03 2.3046322167e-02 1.0000000000e+00
0.200 0.010 7.9186409712e-02 7.0132889637e-03 9.8508311299e-01 2.6204578056e-03 3.7129738368e-02 3.3858301826e-03 1.0000000000e+00 0.0000000000e+00 8.0728541057e-02 6.8457179909e-03 9.8450796405e-01 2.4881183047e-03 7.7726772055e-02 9.2801297281e-03 9.8652096738e-01 2.9059521827e-03 9.6280828157e-01 5.6410113951e-03 9.5746986070e-01 8.0402567037e-03 4.0980812162e-02 1.0000000000e+00
0.350 0.010 6.2608442269e-02 1.1396328518e-02 9.8617865133e-01 4.3029621681e-03 2.0354364766e-02 4.0964950200e-03 1.0000000000e+00 0.0000000000e+00 6.3118920818e-02 1.0740689946e-02 9.8584368776e-01 4.1563969882e-03 5.7633538730e-02 1.0873550036e-02 9.8912802308e-01 3.7148309381e-03 8.8785273480e-01 7.3189940483e-03 8.3967601697e-01 7.3433298655e-03 3.2924000174e-02 1.0000000000e+00
0.375 0.010 6.3879488036e-02 1.5566287152e-02 9.8549914021e-01 5.5753147131e-03 2.2066118196e-02 7.6506128194e-03 1.0000000000e+00 0.0000000000e+00 6.6595504680e-02 1.5980832547e-02 9.8468423643e-01 5.6353618492e-03 5.6265481748e-02 1.3918330138e-02 9.8888765624e-01 4.5314995018e-03 7.9589442454e-01 8.6556000631e-03 7.2401520124e-01 9.0349229173e-03 2.0425740629e-02 1.0000000000e+00
0.390 0.010 9.1139949858e-02 2.0064283415e-02 9.7672558845e-01 7.7650420392e-03 3.4677839372e-02 1.0407785049e-02 1.0000000000e+00 0.0000000000e+00 9.6307365713e-02 2.1882902812e-02 9.7454158961e-01 8.6052846103e-03 8.0021758564e-02 1.6115217442e-02 9.8239775165e-01 5.9749098691e-03 7.1935790474e-01 1.5707584476e-02 6.3366843016e-01 1.6910508697e-02 3.8922950625e-02 1.0000000000e+00
0.400 0.010 7.0357127115e-02 1.2232581264e-02 9.8529574913e-01 3.8499248069e-03 2.3945643334e-02 7.4617399434e-03 1.0000000000e+00 0.0000000000e+00 7.6686782323e-02 1.1538550053e-02 9.8322040215e-01 3.8369665945e-03 6.1906409450e-02 1.2762255828e-02 9.8849012647e-01 3.1255209596e-03 6.8708927073e-01 7.2696570691e-03 5.8911430451e-01 7.5416783476e-03 2.6587199420e-02 1.0000000000e+00
0.410 0.010 8.1050928682e-02 9.4104392626e-03 9.8240204870e-01 2.7699492950e-03 2.7910039760e-02 8.0124309108e-03 1.0000000000e+00 0.0000000000e+00 8.9619629485e-02 1.0256274828e-02 9.7998269422e-01 2.9467600640e-03 6.6884507425e-02 1.1134493033e-02 9.8750092449e-01 2.8339435290e-03 6.3555057177e-01 1.6828617195e-03 5.2563497469e-01 2.7498093753e-03 5.8776620775e-02 9.9218750000e-01
0.420 0.010 1.0712005012e-01 6.4454410760e-03 9.7410461698e-01 1.9134572089e-03 3.7992669735e-02 6.9977432453e-03 9.9804687500e-01 3.3829117335e-03 1.1726699568e-01 8.5819836741e-03 9.7084531993e-01 2.8736280047e-03 8.8747635484e-02 2.5633993298e-03 9.8141779454e-01 7.8030278256e-04 5.7707207994e-01 6.9551837100e-03 4.5713685207e-01 4.4716514437e-03 6.4255297184e-02 1.0000000000e+00
0.450 0.010 1.6587694734e-01 9.3193955936e-03 9.5935876338e-01 4.9835703743e-03 2.8535972349e-02 4.9164774644e-03 1.0000000000e+00 0.0000000000e+00 1.9887889349e-01 7.0739974299e-03 9.4951673465e-01 4.9017705259e-03 1.1128642783e-01 1.2733445731e-02 9.7604652023e-01 5.1541253870e-03 4.4455342391e-01 6.8144449457e-03 3.0123741494e-01 4.1101212583e-03 7.9803749919e-02 1.0000000000e+00
0.475 0.010 2.7816212922e-01 1.6041755391e-02 9.1729378918e-01 9.7042019523e-03 6.5529176965e-02 1.4621425248e-02 1.0000000000e+00 0.0000000000e+00 3.4001044895e-01 1.6040933028e-02 8.9623127892e-01 8.6975588596e-03 1.7543414980e-01 1.6885765826e-02 9.5416389320e-01 7.2490458131e-03 3.2357731383e-01 8.0707085918e-03 1.8506044511e-01 4.2202333386e-03 8.7507352233e-02 1.0000000000e+00
0.500 0.010 3.9923527837e-01 4.4454925457e-03 8.6706543646e-01 1.7431024950e-03 9.0306039900e-02 1.1540017571e-02 9.9264705882e-01 1.2735667703e-02 5.0060728012e-01 3.6032570167e-03 8.2693019843e-01 1.5577916147e-03 2.3200284690e-01 5.6843085745e-03 9.3563715702e-01 1.5932334831e-03 2.3637463294e-01 3.9090281647e-03 9.7085259994e-02 2.6372253794e-04 9.9842563272e-02 9.7058823529e-01
0.525 0.010 5.3440548480e-01 9.8456524531e-03 7.7232679400e-01 7.4160322640e-03 1.5951433033e-01 1.4524056093e-02 9.7794117647e-01 1.2735667703e-02 6.5176384092e-01 8.9864491347e-03 7.1060735417e-01 6.3340130807e-03 3.1753421575e-01 1.2204052741e-02 8.8850676725e-01 6.6384664088e-03 1.5199665532e-01 3.8942521018e-03 3.6682746409e-02 1.0257123395e-03 1.1453436315e-01 1.0000000000e+00
0.550 0.010 6.1376136541e-01 5.4951834284e-03 6.6928609729e-01 6.1268107113e-03 2.0127261430e-01 3.7111902693e-02 9.4278492647e-01 2.0043562072e-02 7.1174348452e-01 3.8244095756e-03 6.0229513863e-01 4.3319459780e-03 3.7190341204e-01 9.6698745858e-03 8.3328710894e-01 4.7856959015e-03 3.9422442253e-02 3.4823008514e-03 -7.5381326658e-03 2.2089323791e-03 1.8412268162e-01 9.4117647059e-01
0.575 0.010 5.8004255593e-01 5.7714159984e-03 6.8983321931e-01 3.1920566003e-03 1.8691445515e-01 1.4814502050e-02 9.5301011029e-01 1.8041342360e-02 6.6128440176e-01 3.5741510793e-03 6.3781417484e-01 3.4477744057e-03 3.5216651857e-01 7.9456856186e-03 8.3900968863e-01 1.7545795145e-03 7.6444144203e-02 1.0974559219e-02 4.2218868190e-02 7.3789904213e-03 2.2020778060e-01 9.4117647059e-01
0.600 0.010 3.3503305912e-01 1.1661221195e-02 8.9244771925e-01 7.1114247725e-03 7.5798146427e-02 1.3837130800e-02 1.0000000000e+00 0.0000000000e+00 4.1091868271e-01 1.2839155047e-02 8.6303507828e-01 9.0950703328e-03 1.9371898472e-01 1.3636690409e-02 9.4747984617e-01 5.7879952851e-03 2.5428588509e-01 6.9181167016e-03 2.0173552749e-01 8.9385659060e-03 6.3196785748e-02 1.0000000000e+00
0.610 0.010 1.9955901057e-01 9.4838145294e-03 9.4516761274e-01 5.9911699959e-03 4.6100551262e-02 5.6281497794e-03 1.0000000000e+00 0.0000000000e+00 2.4722342084e-01 1.0186330403e-02 9.3002291722e-01 6.1279074109e-03 1.2132045440e-01 1.0073098484e-02 9.7178463131e-01 4.4473150022e-03 3.6573317414e-01 8.6551424218e-03 3.0841335004e-01 7.8207942499e-03 4.4199403375e-02 1.0000000000e+00
0.620 0.010 9.7472267225e-02 4.8029442775e-03 9.7719708596e-01 2.4890095409e-03 2.9276807327e-02 3.1248577962e-03 1.0000000000e+00 0.0000000000e+00 1.1172726823e-01 4.0880164364e-03 9.7266778897e-01 2.7115613721e-03 7.1129916236e-02 5.7623486928e-03 9.8644700836e-01 2.2881774244e-03 5.8031248060e-01 1.1906995184e-02 5.1852538917e-01 8.2679945349e-03 4.1862402111e-02 1.0000000000e+00
0.700 0.010 5.9654344805e-02 9.9456281222e-03 9.8889669582e-01 2.8900946753e-03 2.3466547485e-02 5.2717112790e-03 1.0000000000e+00 0.0000000000e+00 6.1151839689e-02 9.8610682995e-03 9.8779878486e-01 2.8333953238e-03 5.8130050078e-02 1.0369684147e-02 9.8954404260e-01 3.2978568642e-03 9.0029092198e-01 6.1942126761e-03 8.9383163151e-01 7.2106960576e-03 2.7080077678e-02 1.0000000000e+00
0.800 0.010 6.4706978388e-02 1.2173008847e-02 9.8889207329e-01 4.0377560880e-03 2.3237976478e-02 7.4961706280e-03 1.0000000000e+00 0.0000000000e+00 6.5290675907e-02 1.2876416347e-02 9.8834833622e-01 4.0765297365e-03 6.1815841123e-02 1.3374835545e-02 9.8982138895e-01 3.7949859607e-03 8.4430078361e-01 1.3274929734e-02 8.3033552384e-01 8.9288421687e-03 1.1878034472e-01 9.4117647059e-01
0.900 0.010 1.5263638273e-01 1.2413723475e-02 9.6379176451e-01 4.5113638084e-03 5.6424514391e-02 1.3487179126e-02 9.9609375000e-01 3.9062500000e-03 1.5825329290e-01 1.1047696785e-02 9.6169007747e-01 3.9600001771e-03 1.4377855510e-01 1.1191447079e-02 9.6689409067e-01 3.3565274757e-03 6.8458760904e-01 5.8269840521e-03 6.6300911092e-01 6.2838277158e-03 4.2916059494e-02 1.0000000000e+00
1.000 0.010 1.8146886304e-01 8.7810837497e-03 9.4799197530e-01 3.9962868412e-03 7.1263706312e-02 5.4092257561e-03 9.9804687500e-01 3.3829117335e-03 1.9054157412e-01 6.8545569272e-03 9.4455104167e-01 3.3035969842e-03 1.6488277912e-01 6.9748397574e-03 9.5559684935e-01 2.8650622262e-03 5.4625168199e-01 3.3332996504e-03 5.3030721578e-01 6.4558067950e-03 6.7980632186e-02 1.0000000000e+00

